1771361644287 0.92935 0
1771361657577 0.9659333333333333 1
1771361670808 0.9733166666666667 2
1771361685046 0.97725 3
1771361698461 0.9795166666666667 4
1771361711645 0.9809666666666667 5
1771361726968 0.9822166666666666 6
1771361742514 0.9842 7
1771361758238 0.9851833333333333 8
1771361773004 0.9862166666666666 9
1771361787749 0.9871 10
1771361803074 0.9884 11
1771361816550 0.9889 12
1771361832043 0.9889833333333333 13
1771361847637 0.9896166666666667 14
1771361862696 0.99075 15
1771361876568 0.9905666666666667 16
1771361890354 0.9915 17
1771361904952 0.9919166666666667 18
1771361920465 0.9922 19
1771361933468 0.9276728378835104 0
1771361945515 0.9677982650493823 1
1771361958898 0.9746704720417589 2
1771361971483 0.9779188103195764 3
1771361985171 0.9805475233767696 4
1771361998274 0.9835517668707049 5
1771362010078 0.984960006008487 6
1771362022206 0.9863682451462691 7
1771362034838 0.9874385068909836 8
