1771361644283 0.1855129377165837 0
1771361657575 0.09733825588404242 1
1771361670806 0.078345849867791 2
1771361685044 0.06759318773712177 3
1771361698457 0.05993877481748618 4
1771361711643 0.05531169516421648 5
1771361726965 0.050453738480218564 6
1771361742511 0.046943825967451024 7
1771361758235 0.043203331750513774 8
1771361773001 0.040848675288204385 9
1771361787747 0.03827868043673414 10
1771361803071 0.03588781340806278 11
1771361816547 0.033892960508050185 12
1771361832040 0.03230865201307163 13
1771361847633 0.030527673918865066 14
1771361862693 0.02905374281664393 15
1771361876566 0.02814571663185255 16
1771361890352 0.026230197430137537 17
1771361904949 0.025737654981709747 18
1771361920460 0.023929715780084574 19
1771361933465 0.18944494405703294 0
1771361945513 0.09536459938817315 1
1771361958895 0.07432678326231827 2
1771361971481 0.06377805482676561 3
1771361985169 0.05550983480492727 4
1771361998271 0.0494679069700394 5
1771362010076 0.04559635557457626 6
1771362022203 0.041900718939765325 7
1771362034836 0.038965909292908024 8
