1771369342867 0.2039785495301935 0
1771369363527 0.10201075875253947 1
1771369385259 0.07843333525634778 2
1771369407882 0.06685766871812056 3
1771369431593 0.06030522336734574 4
1771369456464 0.05406821290178022 5
1771369482849 0.04994946877871241 6
1771369510922 0.04618591103238115 7
1771369540547 0.0427182030244502 8
1771369572597 0.0405114580160265 9
1771369605982 0.0373434535076798 10
1771369640886 0.03578137505406351 11
1771369677268 0.033225132877241444 12
1771369715857 0.031360251538113934 13
