1771369342884 0.9218666666666666 0
1771369363545 0.9641833333333333 1
1771369385280 0.9729833333333333 2
1771369407904 0.9767833333333333 3
1771369431619 0.9792666666666666 4
1771369456492 0.98145 5
1771369482878 0.9827833333333333 6
1771369510954 0.9843333333333333 7
1771369540582 0.986 8
1771369572637 0.9860166666666667 9
1771369606023 0.98705 10
1771369640929 0.9879666666666667 11
1771369677314 0.9896 12
1771369715906 0.9898666666666667 13
1771369756796 0.9902 14
1771369799295 0.99125 15
1771369841589 0.9916166666666667 16
1771369885179 0.9918166666666667 17
1771369930780 0.99215 18
1771369977881 0.9935166666666667 19
1771370021114 0.9205002065417403 0
1771370065327 0.9652634346013744 1
1771370110662 0.9730369146419318 2
1771370156673 0.9772804085771152 3
1771370204140 0.9800405572871681 4
1771370252337 0.9824439520823163 5
