1771366621784 0.18780049559340548 0
1771366644051 0.09833706538480863 1
1771366667201 0.07748696096400336 2
1771366691510 0.06575786914509624 3
1771366715893 0.05847940715486561 4
1771366742414 0.05281584407252544 5
1771366771440 0.04894087553969515 6
1771366801226 0.04534500923806003 7
1771366832917 0.04211623471345443 8
1771366864404 0.039163286718271816 9
1771366897002 0.03705594838777585 10
1771366931112 0.03471494107040515 11
1771366966437 0.03314312356712817 12
1771367003284 0.031155036273859203 13
