1771368850348 250.62103271484375 0
1771368850507 134.23049926757812 0
1771368850752 202.71023559570312 0
1771368850910 90.93781280517578 0
1771368851066 83.0869369506836 0
1771368851314 78.3072738647461 0
1771368851460 56.45915222167969 0
1771368851716 55.0247917175293 0
1771368851861 26.97466468811035 0
1771368852100 36.04093933105469 0
1771368852256 49.556880950927734 0
1771368852409 59.10306930541992 0
1771368852650 44.4185905456543 0
1771368852802 21.78265380859375 0
1771368853047 28.7224178314209 0
1771368853203 20.559175491333008 0
1771368853454 25.087038040161133 0
1771368853610 34.94833755493164 0
1771368853759 26.481172561645508 0
1771368854009 23.042579650878906 0
1771368854159 25.143939971923828 0
1771368854391 26.04912757873535 0
1771368854536 25.60567283630371 0
1771368854803 24.248249053955078 0
1771368854944 30.504165649414062 0
1771368855084 16.279422760009766 0
1771368855336 20.011194229125977 0
1771368855486 13.491626739501953 0
1771368855706 16.262542724609375 0
1771368855851 20.327260971069336 0
1771368856003 22.08102798461914 0
1771368856260 32.62701416015625 0
1771368856407 36.65092086791992 0
1771368856663 13.513827323913574 0
1771368856814 13.298450469970703 0
1771368857044 13.880621910095215 0
1771368857200 11.793374061584473 0
1771368857358 12.602815628051758 0
1771368857587 19.176509857177734 0
1771368857734 15.247133255004883 0
1771368857972 13.31143569946289 0
1771368858122 13.628301620483398 0
1771368858360 12.5198392868042 0
1771368858515 19.2762451171875 0
1771368858664 16.202787399291992 0
1771368858882 15.18648910522461 0
1771368859025 16.86063003540039 0
1771368859279 10.51917839050293 0
1771368859424 9.471193313598633 0
1771368859570 12.810687065124512 0
1771368859850 9.649911880493164 0
1771368860010 7.118236541748047 0
1771368860243 5.0736565589904785 0
1771368860398 7.147950649261475 0
1771368860649 8.042198181152344 0
1771368860797 8.173408508300781 0
1771368860950 12.912556648254395 0
1771368861206 11.951123237609863 0
1771368861355 12.886751174926758 0
1771368861614 17.9178524017334 0
1771368861767 30.024263381958008 0
1771368861997 25.679672241210938 0
1771368862147 21.218719482421875 0
1771368862305 8.868383407592773 0
1771368862543 8.512017250061035 0
1771368862696 13.755928039550781 0
1771368862935 9.87960433959961 0
1771368863076 7.645721912384033 0
1771368863286 7.830959796905518 0
1771368863419 8.708669662475586 0
1771368863550 10.309409141540527 0
1771368863753 7.124295234680176 0
1771368863888 9.51913070678711 0
1771368864097 10.378752708435059 0
1771368864233 12.315561294555664 0
1771368864464 9.773185729980469 0
1771368864606 9.880714416503906 0
1771368864745 15.507387161254883 0
1771368864955 19.310300827026367 0
1771368865094 9.331466674804688 0
1771368865308 6.616827011108398 0
1771368865446 9.131102561950684 0
1771368865580 2.462639093399048 0
1771368865816 3.6195363998413086 0
1771368865959 4.301568984985352 0
1771368866171 5.725010395050049 0
1771368866323 2.8061447143554688 0
1771368866550 5.562197208404541 0
1771368866686 9.319036483764648 0
1771368866824 10.930663108825684 0
1771368867059 9.981443405151367 0
1771368867203 6.884166240692139 0
1771368867424 6.216233730316162 0
1771368867565 5.470740795135498 0
1771368867788 4.110875129699707 0
1771368867934 4.987498760223389 0
1771368868079 6.715776443481445 0
1771368868299 3.5437545776367188 0
1771368868439 3.2780649662017822 0
1771368868680 3.714359760284424 0
1771368868817 6.477898597717285 0
1771368869044 14.27281665802002 0
1771368869182 26.186033248901367 0
1771368869313 7.601327419281006 0
1771368869517 5.019983768463135 0
1771368869650 5.241180896759033 0
1771368869850 5.098018646240234 0
1771368869981 4.249869346618652 0
1771368870178 7.560196399688721 0
1771368870310 4.904202938079834 0
1771368870445 5.625857830047607 0
1771368870658 6.3493242263793945 0
1771368870793 5.815380573272705 0
1771368871006 7.372273921966553 0
1771368871138 6.178162574768066 0
1771368871333 7.124122619628906 0
1771368871470 5.4891252517700195 0
1771368871605 3.2149953842163086 0
1771368871814 6.099475860595703 0
1771368871946 4.773139476776123 0
1771368872150 2.072721481323242 0
1771368872291 1.3407585620880127 0
1771368872497 3.575965404510498 0
1771368872642 3.7727162837982178 0
1771368872792 3.520205020904541 0
1771368873015 6.072845458984375 0
1771368873152 6.942508697509766 0
1771368873374 7.521033763885498 0
1771368873508 7.1813812255859375 0
1771368873642 6.100992679595947 0
1771368873866 4.9829325675964355 0
1771368873997 3.3252646923065186 0
1771368874201 2.59114408493042 0
1771368874345 2.4199745655059814 0
1771368874565 3.088829755783081 0
1771368874696 3.02488112449646 0
1771368874834 4.0240797996521 0
1771368875070 9.181321144104004 0
1771368875417 20.61012840270996 0
1771368875648 12.476360321044922 0
1771368875794 5.2922234535217285 0
1771368875998 4.848358154296875 0
1771368876135 4.87034273147583 0
1771368876282 2.213273525238037 0
1771368876515 3.9012157917022705 0
1771368876643 2.486765146255493 0
1771368876887 4.581334590911865 0
1771368877030 3.7358946800231934 0
1771368877164 2.230602502822876 0
1771368877371 3.1937148571014404 0
1771368877518 1.9435758590698242 0
1771368877744 4.036730766296387 0
1771368877876 10.348785400390625 0
1771368878095 17.119327545166016 0
1771368878243 7.355651378631592 0
1771368878384 4.360123157501221 0
1771368878598 4.4861273765563965 0
1771368878779 4.346057415008545 0
1771368879019 3.739863157272339 0
1771368879156 3.32407808303833 0
1771368879395 2.9034368991851807 0
1771368879539 2.4742250442504883 0
1771368879670 2.746551513671875 0
1771368879900 2.3317480087280273 0
1771368880048 1.7425724267959595 0
1771368880255 2.1114861965179443 0
1771368880395 1.678632140159607 0
1771368880619 2.2871129512786865 0
1771368880754 3.1588265895843506 0
1771368880883 2.5256152153015137 0
1771368881124 4.348878860473633 0
1771368881270 6.725930213928223 0
1771368881480 8.498039245605469 0
1771368881625 7.134028911590576 0
1771368881854 7.769201755523682 0
1771368881991 6.3569231033325195 0
1771368882138 6.187312126159668 0
1771368882392 7.511771202087402 0
1771368882533 2.806112289428711 0
1771368882770 3.1757137775421143 0
1771368882924 1.354902982711792 0
1771368883072 2.0155444145202637 0
1771368883290 2.4722900390625 0
1771368883427 4.292694568634033 0
1771368883658 5.230276584625244 0
1771368883802 7.345653057098389 0
1771368884004 8.531328201293945 0
1771368884137 3.5655999183654785 0
1771368884290 2.5710692405700684 0
1771368884517 3.1675329208374023 0
1771368884647 1.849485158920288 0
1771368884867 2.537951946258545 0
1771368885009 1.5349841117858887 0
1771368885231 3.496713638305664 0
1771368885374 3.3900442123413086 0
1771368885520 5.357704162597656 0
1771368885754 3.8506813049316406 0
1771368885884 2.115332841873169 0
1771368886106 2.6704649925231934 0
1771368886251 4.431809425354004 0
1771368886479 2.379415512084961 0
1771368886620 1.4081099033355713 0
1771368886765 1.295284390449524 0
1771368887012 1.4759401082992554 0
1771368887155 2.288130044937134 0
1771368887379 3.3345019817352295 0
1771368887517 11.94510269165039 0
1771368887741 7.019378185272217 0
1771368887890 3.116539716720581 0
1771368888029 2.862304925918579 0
1771368888260 2.033676862716675 0
1771368888408 2.220871925354004 0
1771368888644 1.6379352807998657 0
1771368888789 1.3057005405426025 0
1771368889007 1.5006316900253296 0
1771368889149 3.7152140140533447 0
1771368889291 3.983555316925049 0
1771368889530 3.206955909729004 0
1771368889671 2.630575180053711 0
1771368889893 2.2927043437957764 0
1771368890035 2.2151081562042236 0
1771368890264 2.1260335445404053 0
1771368890489 3.0835018157958984 0
1771368890690 2.3160438537597656 0
1771368890927 2.326812744140625 0
1771368891065 2.0095772743225098 0
1771368891291 2.367232084274292 0
1771368891451 2.677948474884033 0
1771368891591 3.357733726501465 0
1771368891796 1.971168875694275 0
1771368891927 1.3652417659759521 0
1771368892125 0.9579989910125732 0
1771368892260 2.6686527729034424 0
1771368892483 1.0176262855529785 0
1771368892636 3.054847240447998 0
1771368892789 2.797055959701538 0
1771368893037 6.255875110626221 0
1771368893198 7.068924903869629 0
1771368893485 2.13523268699646 0
1771368893670 3.947277069091797 0
1771368893955 2.941732168197632 0
1771368894119 2.7512545585632324 0
1771368894279 1.820496916770935 0
1771368894515 1.5634212493896484 0
1771368894678 2.5585720539093018 0
1771368894925 1.5477310419082642 0
1771368895081 1.8691250085830688 0
1771368895241 1.7477680444717407 0
1771368895497 2.917706251144409 0
1771368895656 6.323295593261719 0
1771368895911 5.883237838745117 0
1771368896074 3.7208821773529053 0
1771368896333 3.433701515197754 0
1771368896502 1.0674755573272705 0
1771368896666 1.6987112760543823 0
1771368896930 1.2144312858581543 0
1771368897089 1.0943021774291992 0
1771368897344 2.0576159954071045 0
1771368897502 0.7172613143920898 0
1771368897761 1.1170446872711182 0
1771368897913 1.4046108722686768 0
1771368898065 1.6588011980056763 0
1771368898289 3.169262170791626 0
1771368898430 4.059817790985107 0
1771368898647 6.186069965362549 0
1771368898779 3.157036542892456 0
1771368899027 3.4028260707855225 0
1771368899189 2.7886111736297607 0
1771368899341 2.2816455364227295 0
1771368899595 3.259989023208618 0
1771368899761 1.7374385595321655 0
1771368900011 1.9233683347702026 0
1771368900165 3.178393840789795 0
1771368900426 6.3303093910217285 0
1771368900579 5.013879299163818 0
1771368900732 2.2269396781921387 0
1771368901008 1.7403099536895752 0
1771368901169 2.550828456878662 0
1771368901432 1.8895671367645264 0
1771368901598 2.5345547199249268 0
1771368901762 1.2569844722747803 0
1771368902016 2.036393165588379 0
1771368902182 0.5344321131706238 0
1771368902436 1.8418681621551514 0
1771368902601 2.0741498470306396 0
1771368902873 6.560768127441406 0
1771368903035 10.853282928466797 0
1771368903204 2.599062919616699 0
1771368903474 1.8728625774383545 0
1771368903644 2.0536351203918457 0
1771368903915 2.2802462577819824 0
1771368904080 0.9649301767349243 0
1771368904336 1.1409220695495605 0
1771368904500 1.7472256422042847 0
1771368904667 2.9475722312927246 0
1771368904954 2.074910879135132 0
1771368905114 2.4713003635406494 0
1771368905392 0.8864639401435852 0
1771368905550 1.4670274257659912 0
1771368905810 4.42006778717041 0
1771368905964 9.217456817626953 0
1771368906110 3.397146224975586 0
1771368906371 1.6288328170776367 0
1771368906518 2.6818227767944336 0
1771368906771 1.6822177171707153 0
1771368906924 1.6752924919128418 0
1771368907158 1.8167314529418945 0
1771368907309 2.1357502937316895 0
1771368907457 1.6436816453933716 0
1771368907692 1.982386827468872 0
1771368907847 3.3732941150665283 0
1771368908091 4.739060401916504 0
1771368908242 2.0083389282226562 0
1771368908490 2.2255847454071045 0
1771368908649 2.2667295932769775 0
1771368908809 1.9607971906661987 0
1771368909069 1.2616413831710815 0
1771368909228 1.8808627128601074 0
1771368909500 0.9675739407539368 0
1771368909662 2.4100959300994873 0
1771368909909 2.0083327293395996 0
1771368910066 2.0068674087524414 0
1771368910229 1.3946555852890015 0
1771368910473 1.138494849205017 0
1771368910630 1.3648840188980103 0
1771368910882 1.1727772951126099 0
1771368911037 2.2493059635162354 0
1771368911196 4.412921905517578 0
1771368911447 5.903862953186035 0
1771368911599 4.3241424560546875 0
1771368911839 5.259705543518066 0
1771368911989 1.9500973224639893 0
1771368912238 1.608567237854004 0
1771368912393 1.5940499305725098 0
1771368912547 1.6095103025436401 0
1771368912782 1.3803367614746094 0
1771368912940 1.3274825811386108 0
1771368913197 1.700129508972168 0
1771368913351 1.22837233543396 0
1771368913595 1.9210717678070068 0
1771368913751 1.6191353797912598 0
1771368913905 2.2591981887817383 0
1771368914141 0.9955116510391235 0
1771368914303 1.9105570316314697 0
1771368914536 2.338297128677368 0
1771368914685 3.115443468093872 0
1771368914841 2.3493316173553467 0
1771368915094 2.655677556991577 0
1771368915239 1.9617310762405396 0
1771368915496 3.1830122470855713 0
1771368915647 2.6436612606048584 0
1771368915884 3.1489641666412354 0
1771368916038 1.8266675472259521 0
1771368916191 1.8728742599487305 0
1771368916447 4.183859825134277 0
1771368916604 4.292926788330078 0
1771368916840 1.9092943668365479 0
1771368916990 2.403451919555664 0
1771368917229 0.9205964803695679 0
1771368917384 1.7542692422866821 0
1771368917535 1.198029637336731 0
1771368917787 1.0213316679000854 0
1771368917934 0.8040927648544312 0
1771368918165 1.4595261812210083 0
1771368918318 1.2849385738372803 0
1771368918577 0.9218396544456482 0
1771368918726 1.7798696756362915 0
1771368918878 2.5925869941711426 0
1771368919114 3.929476499557495 0
1771368919259 3.7097744941711426 0
1771368919475 2.430671215057373 0
1771368919605 2.2106850147247314 0
1771368919802 1.4538490772247314 0
1771368919936 1.7388980388641357 0
1771368920065 1.6244041919708252 0
1771368920270 1.6895285844802856 0
1771368920402 0.8193029165267944 0
1771368920620 1.3343862295150757 0
1771368920752 1.8257664442062378 0
1771368920881 2.262529134750366 0
1771368921077 3.421940326690674 0
1771368921225 2.118699789047241 0
1771368921442 1.025301456451416 0
1771368921571 1.543791651725769 0
1771368921805 2.2247583866119385 0
1771368921945 1.5265432596206665 0
1771368922077 1.472314715385437 0
1771368922283 2.405102491378784 0
1771368922422 5.040192127227783 0
1771368922664 2.727140188217163 0
1771368922805 1.486179232597351 0
1771368923043 1.6126465797424316 0
1771368923193 1.3833879232406616 0
1771368923333 0.9783452749252319 0
1771368923555 0.9915710091590881 0
1771368923698 1.4870678186416626 0
1771368923915 0.8647757768630981 0
1771368924059 0.9454167485237122 0
1771368924286 0.45696303248405457 0
1771368924422 1.0545141696929932 0
1771368924555 1.2436702251434326 0
1771368924777 2.361661434173584 0
1771368924917 7.1588664054870605 0
1771368925125 3.349459648132324 0
1771368925268 1.4701955318450928 0
1771368925483 1.3473520278930664 0
1771368925615 1.0974777936935425 0
1771368925754 0.888472855091095 0
1771368925971 1.2420539855957031 0
1771368926113 1.7939541339874268 0
1771368926355 2.2265233993530273 0
1771368926512 1.2559226751327515 0
1771368926661 1.012743353843689 0
1771368926905 1.68941068649292 0
1771368927070 1.1703343391418457 0
1771368927319 0.8988350629806519 0
1771368927449 0.07295867055654526 0
1771368927962 0.8154270052909851 1
1771368928200 1.308709740638733 1
1771368928362 1.7671924829483032 1
1771368928601 3.6879167556762695 1
1771368928749 4.187358856201172 1
1771368929010 1.7902358770370483 1
1771368929159 1.1187275648117065 1
1771368929310 0.9272705912590027 1
1771368929579 1.3443701267242432 1
1771368929730 1.4118590354919434 1
1771368929985 1.3038188219070435 1
1771368930143 1.0411564111709595 1
1771368930295 0.7478216290473938 1
1771368930538 0.8237383365631104 1
1771368930691 1.1323117017745972 1
1771368930940 1.8075815439224243 1
1771368931092 2.82148814201355 1
1771368931323 3.0345115661621094 1
1771368931468 2.1730144023895264 1
1771368931618 1.768051028251648 1
1771368931858 1.3275489807128906 1
1771368932015 0.9933807849884033 1
1771368932294 0.752453625202179 1
1771368932449 1.4165456295013428 1
1771368932706 1.2380785942077637 1
1771368932860 1.1347523927688599 1
1771368933022 0.5135829448699951 1
1771368933284 1.0966120958328247 1
1771368933436 1.2260031700134277 1
1771368933702 1.1453765630722046 1
1771368933856 1.156808614730835 1
1771368934008 0.6658561825752258 1
1771368934271 1.361696720123291 1
1771368934431 1.0096405744552612 1
1771368934670 2.50993013381958 1
1771368934829 2.830000400543213 1
1771368935084 1.6672195196151733 1
1771368935237 1.6418430805206299 1
1771368935394 1.961569905281067 1
1771368935634 1.3820815086364746 1
1771368935786 0.9892047643661499 1
1771368936028 1.4682687520980835 1
1771368936179 0.5436906218528748 1
1771368936425 0.7461676001548767 1
1771368936571 0.7682491540908813 1
1771368936718 0.8550198674201965 1
1771368936960 0.5793277025222778 1
1771368937119 1.0022122859954834 1
1771368937373 2.04317045211792 1
1771368937525 2.777477741241455 1
1771368937679 1.8576277494430542 1
1771368937933 1.715387225151062 1
1771368938105 1.5940945148468018 1
1771368938360 1.2608067989349365 1
1771368938522 1.3547595739364624 1
1771368938773 0.9762583374977112 1
1771368938933 1.3611823320388794 1
1771368939092 1.788655161857605 1
1771368939345 2.3137500286102295 1
1771368939503 1.4828459024429321 1
1771368939764 1.9645426273345947 1
1771368939917 1.52571702003479 1
1771368940166 0.8251368403434753 1
1771368940324 0.7508642673492432 1
1771368940485 0.7591515183448792 1
1771368940736 0.8843039870262146 1
1771368940900 2.7091596126556396 1
1771368941169 2.4975078105926514 1
1771368941336 3.0266809463500977 1
1771368941499 2.9673361778259277 1
1771368941763 1.9095348119735718 1
1771368941926 2.297502279281616 1
1771368942193 1.2683522701263428 1
1771368942354 2.0748913288116455 1
1771368942620 1.1365877389907837 1
1771368942785 1.2012122869491577 1
1771368942946 0.917121171951294 1
1771368943200 1.0400769710540771 1
1771368943364 1.1390093564987183 1
1771368943604 2.563502073287964 1
1771368943757 2.994533061981201 1
1771368944009 0.7577841281890869 1
1771368944170 1.7862341403961182 1
1771368944332 1.616918921470642 1
1771368944597 0.996275782585144 1
1771368944752 0.7486534714698792 1
1771368945009 0.7980813384056091 1
1771368945169 0.7125361561775208 1
1771368945326 1.115339756011963 1
1771368945577 0.8249135613441467 1
1771368945738 1.4864054918289185 1
1771368945989 2.8178412914276123 1
1771368946140 5.980762481689453 1
1771368946374 2.5538675785064697 1
1771368946518 1.1581451892852783 1
1771368946656 1.2375578880310059 1
1771368946862 1.125446081161499 1
1771368946994 1.2955015897750854 1
1771368947199 1.1703828573226929 1
1771368947334 1.9501489400863647 1
1771368947541 1.3166242837905884 1
1771368947706 1.0850118398666382 1
1771368947841 1.1921113729476929 1
1771368948045 0.5757268667221069 1
1771368948179 0.9793986678123474 1
1771368948410 0.9990110397338867 1
1771368948552 1.7208613157272339 1
1771368948687 2.238353729248047 1
1771368948905 2.7264912128448486 1
1771368949051 1.2575961351394653 1
1771368949263 1.4291229248046875 1
1771368949400 1.9678163528442383 1
1771368949635 1.4834115505218506 1
1771368949776 1.1650657653808594 1
1771368949913 1.3245264291763306 1
1771368950132 0.9556627869606018 1
1771368950277 0.48419925570487976 1
1771368950511 0.585545539855957 1
1771368950649 0.7515885233879089 1
1771368950876 1.623028039932251 1
1771368951014 1.6167757511138916 1
1771368951153 1.2162235975265503 1
1771368951377 0.9506726861000061 1
1771368951517 1.346096396446228 1
1771368951756 0.6081217527389526 1
1771368951898 1.042616605758667 1
1771368952036 0.7426649332046509 1
1771368952255 0.9469388127326965 1
1771368952392 0.7644796371459961 1
1771368952630 0.8205389976501465 1
1771368952776 1.094383716583252 1
1771368952987 1.4551441669464111 1
1771368953133 1.831287145614624 1
1771368953276 1.5863614082336426 1
1771368953490 2.96128511428833 1
1771368953631 2.3125908374786377 1
1771368953889 1.3713024854660034 1
1771368954038 0.6641640067100525 1
1771368954273 1.6134086847305298 1
1771368954425 1.7510149478912354 1
1771368954578 0.9287696480751038 1
1771368954811 1.361881971359253 1
1771368954967 0.6066858768463135 1
1771368955205 0.9006001353263855 1
1771368955361 1.1365388631820679 1
1771368955515 1.1948541402816772 1
1771368955743 0.6096844673156738 1
1771368955899 1.0899157524108887 1
1771368956137 1.94304621219635 1
1771368956293 3.4666659832000732 1
1771368956523 0.8711570501327515 1
1771368956672 1.5662237405776978 1
1771368956826 1.0801384449005127 1
1771368957054 1.4870692491531372 1
1771368957207 1.4883241653442383 1
1771368957453 1.9994484186172485 1
1771368957607 1.3717296123504639 1
1771368957862 1.0812336206436157 1
1771368958020 0.9353829622268677 1
1771368958165 0.9763957262039185 1
1771368958394 0.6820616126060486 1
1771368958538 1.3763378858566284 1
1771368958769 2.4759085178375244 1
1771368958913 1.5303337574005127 1
1771368959058 1.5324640274047852 1
1771368959286 1.0846240520477295 1
1771368959433 1.1018242835998535 1
1771368959662 1.383375883102417 1
1771368959810 0.7590182423591614 1
1771368960038 0.6124157905578613 1
1771368960185 0.8591222763061523 1
1771368960330 0.7450858354568481 1
1771368960563 1.0837656259536743 1
1771368960711 0.8986711502075195 1
1771368960951 0.8365596532821655 1
1771368961099 1.059032678604126 1
1771368961351 0.8670512437820435 1
1771368961501 0.8280526399612427 1
1771368961649 0.8187755346298218 1
1771368961892 1.0119285583496094 1
1771368962054 2.5356032848358154 1
1771368962313 4.461028575897217 1
1771368962472 1.2706623077392578 1
1771368962635 1.9457327127456665 1
1771368962878 0.7659149169921875 1
1771368963037 0.6615540981292725 1
1771368963291 1.2153202295303345 1
1771368963442 0.49722984433174133 1
1771368963695 1.0091640949249268 1
1771368963848 1.1413366794586182 1
1771368963999 0.9083549976348877 1
1771368964260 0.7962610125541687 1
1771368964413 0.9926197528839111 1
1771368964671 0.7387615442276001 1
1771368964831 1.5422296524047852 1
1771368965087 1.4881563186645508 1
1771368965251 3.449859380722046 1
1771368965411 2.5832297801971436 1
1771368965664 2.7250759601593018 1
1771368965815 1.044073462486267 1
1771368966067 1.3089364767074585 1
1771368966230 1.4285509586334229 1
1771368966391 1.2511943578720093 1
1771368966644 0.9371904134750366 1
1771368966801 0.7553630471229553 1
1771368967052 0.7201211452484131 1
1771368967209 0.8951231837272644 1
1771368967467 1.0934237241744995 1
1771368967630 0.6518613696098328 1
1771368967786 0.9985995888710022 1
1771368968031 1.262292504310608 1
1771368968190 2.058147430419922 1
1771368968450 0.6251879930496216 1
1771368968610 0.9591134190559387 1
1771368968869 0.6998344659805298 1
1771368969024 0.5096532106399536 1
1771368969187 1.1766334772109985 1
1771368969453 0.7522312998771667 1
1771368969612 0.36800527572631836 1
1771368969879 0.6302192807197571 1
1771368970041 0.5757119059562683 1
1771368970198 0.6368941068649292 1
1771368970457 0.7494872212409973 1
1771368970617 1.9729323387145996 1
1771368970885 2.811131715774536 1
1771368971050 0.6810570955276489 1
1771368971313 1.2800991535186768 1
1771368971470 1.2952619791030884 1
1771368971632 1.0061088800430298 1
1771368971891 0.45279669761657715 1
1771368972045 0.8159399628639221 1
1771368972285 0.7201974987983704 1
1771368972442 0.9957313537597656 1
1771368972705 0.9344845414161682 1
1771368972861 0.8125643134117126 1
1771368973014 0.6250315308570862 1
1771368973274 1.8282225131988525 1
1771368973419 6.315946102142334 1
1771368973639 3.1565868854522705 1
1771368973775 1.2184948921203613 1
1771368973909 1.8872270584106445 1
1771368974117 1.8472648859024048 1
1771368974252 1.0425657033920288 1
1771368974454 1.154765009880066 1
1771368974623 0.8981488943099976 1
1771368974830 0.9227474927902222 1
1771368974961 1.3286352157592773 1
1771368975092 0.9792231917381287 1
1771368975298 1.0014954805374146 1
1771368975429 1.041629672050476 1
1771368975629 1.09422767162323 1
1771368975762 1.3424155712127686 1
1771368975971 1.6509790420532227 1
1771368976104 1.274134874343872 1
1771368976235 0.9290622472763062 1
1771368976454 0.9887959361076355 1
1771368976600 1.0673606395721436 1
1771368976810 1.1631742715835571 1
1771368976944 0.8356795310974121 1
1771368977081 0.28979194164276123 1
1771368977296 0.7996246814727783 1
1771368977428 0.7175769209861755 1
1771368977676 0.40470296144485474 1
1771368977818 0.8066604733467102 1
1771368978035 0.9910595417022705 1
1771368978179 2.043790578842163 1
1771368978323 3.4524097442626953 1
1771368978542 1.6429009437561035 1
1771368978693 1.5173542499542236 1
1771368978944 2.138517379760742 1
1771368979098 0.6262426972389221 1
1771368979354 1.3516030311584473 1
1771368979501 0.6292453408241272 1
1771368979644 1.1514509916305542 1
1771368979860 1.2958494424819946 1
1771368980004 0.7467153668403625 1
1771368980218 0.8341612815856934 1
1771368980360 0.7695624232292175 1
1771368980498 0.8969323635101318 1
1771368980717 1.0627892017364502 1
1771368980870 0.5959336161613464 1
1771368981084 0.6773999929428101 1
1771368981232 0.7257962226867676 1
1771368981467 0.8085159063339233 1
1771368981613 0.7286429405212402 1
1771368981763 0.641717255115509 1
1771368982002 1.136155605316162 1
1771368982144 1.6748758554458618 1
1771368982349 2.260885715484619 1
1771368982492 0.8475744724273682 1
1771368982720 0.8592159152030945 1
1771368982866 1.3657996654510498 1
1771368983001 0.7149462103843689 1
1771368983248 0.7481133937835693 1
1771368983384 0.8683164715766907 1
1771368983607 0.5197412967681885 1
1771368983755 0.6786075234413147 1
1771368983898 0.6547749042510986 1
1771368984112 0.46147942543029785 1
1771368984264 0.6146042346954346 1
1771368984490 0.49495911598205566 1
1771368984636 0.9747691750526428 1
1771368984864 3.0029244422912598 1
1771368985016 3.319265127182007 1
1771368985158 2.11275315284729 1
1771368985406 1.5397493839263916 1
1771368985553 1.386309266090393 1
1771368985770 0.9531886577606201 1
1771368985917 0.8105993270874023 1
1771368986150 0.7116616368293762 1
1771368986294 0.6673316359519958 1
1771368986452 0.7959682941436768 1
1771368986671 0.6514770984649658 1
1771368986813 0.7211114764213562 1
1771368987056 1.0080567598342896 1
1771368987200 0.7674519419670105 1
1771368987337 0.5884289741516113 1
1771368987548 0.9039832949638367 1
1771368987692 1.2868669033050537 1
1771368987900 1.3348090648651123 1
1771368988038 0.8183251023292542 1
1771368988270 0.6571422219276428 1
1771368988404 1.0117720365524292 1
1771368988540 0.8535480499267578 1
1771368988768 1.4559061527252197 1
1771368988910 2.111757278442383 1
1771368989133 1.5025590658187866 1
1771368989274 0.6537078022956848 1
1771368989417 0.9970265626907349 1
1771368989636 0.5752077102661133 1
1771368989778 0.5682314038276672 1
1771368990023 0.6727356910705566 1
1771368990166 0.543219804763794 1
1771368990311 0.6251259446144104 1
1771368990545 1.0171973705291748 1
1771368990692 0.698940634727478 1
1771368990922 0.43120354413986206 1
1771368991068 0.662919282913208 1
1771368991223 0.6512420177459717 1
1771368991460 0.5821343064308167 1
1771368991606 0.8241764307022095 1
1771368991839 0.554779052734375 1
1771368991984 0.739982545375824 1
1771368992131 0.35571128129959106 1
1771368992351 0.5471729040145874 1
1771368992498 0.6023566126823425 1
1771368992732 0.5407541394233704 1
1771368992871 0.7094054222106934 1
1771368993021 0.5998231172561646 1
1771368993266 0.48435232043266296 1
1771368993446 0.6737417578697205 1
1771368993694 0.5956376194953918 1
1771368993836 1.0271302461624146 1
1771368993975 2.2945961952209473 1
1771368994209 2.8088815212249756 1
1771368994358 1.0131367444992065 1
1771368994589 0.8596486449241638 1
1771368994735 0.6663160920143127 1
1771368994880 0.6277661323547363 1
1771368995104 0.8688831329345703 1
1771368995256 0.9761126637458801 1
1771368995520 0.6761688590049744 1
1771368995664 0.6604918837547302 1
1771368995808 0.908645749092102 1
1771368996028 0.7044311165809631 1
1771368996175 1.2911462783813477 1
1771368996409 1.3605531454086304 1
1771368996550 0.9527269005775452 1
1771368996695 1.0798481702804565 1
1771368996937 0.9573574662208557 1
1771368997078 1.2149403095245361 1
1771368997320 0.9437762498855591 1
1771368997475 0.9612967371940613 1
1771368997620 0.946499764919281 1
1771368997864 1.6504437923431396 1
1771368998013 1.090532660484314 1
1771368998242 1.4775501489639282 1
1771368998388 0.9490385055541992 1
1771368998531 0.6381090879440308 1
1771368998754 1.126421332359314 1
1771368998900 0.7907900810241699 1
1771368999127 1.3513398170471191 1
1771368999276 2.095802068710327 1
1771368999427 0.8058830499649048 1
1771368999673 1.2449041604995728 1
1771368999821 1.3649324178695679 1
1771369000073 0.7400147318840027 1
1771369000220 0.5327130556106567 1
1771369000360 1.0987929105758667 1
1771369000589 0.9894897937774658 1
1771369000731 0.6875168681144714 1
1771369000964 0.5729517936706543 1
1771369001110 0.8261547684669495 1
1771369001264 0.5292049050331116 1
1771369001504 0.7753462791442871 1
1771369001663 0.6590790748596191 1
1771369001916 1.0129131078720093 1
1771369002078 0.8141718506813049 1
1771369002232 1.036025047302246 1
1771369002465 2.526386260986328 1
1771369002624 3.35333251953125 1
1771369002860 1.2357432842254639 1
1771369003016 1.93222975730896 1
1771369003178 0.8989062905311584 1
1771369003415 1.2053728103637695 1
1771369003572 1.1942963600158691 1
1771369003841 1.325229525566101 1
1771369004002 0.7321367859840393 1
1771369004164 1.0291308164596558 1
1771369004422 1.0449634790420532 1
1771369004582 0.47397127747535706 1
1771369004828 0.7002320885658264 1
1771369004982 0.6883054971694946 1
1771369005139 0.7369992136955261 1
1771369005401 0.5177668929100037 1
1771369005561 0.8818572759628296 1
1771369005800 2.1182589530944824 1
1771369006306 8.999317169189453 2
1771369006457 4.668056011199951 2
1771369006697 2.111293315887451 2
1771369006835 1.1761283874511719 2
1771369006977 2.174814462661743 2
1771369007188 0.9087392687797546 2
1771369007323 1.913846492767334 2
1771369007555 1.0068778991699219 2
1771369007695 0.7761752605438232 2
1771369007842 0.489374577999115 2
1771369008091 0.6561036705970764 2
1771369008240 1.2653529644012451 2
1771369008469 1.3568698167800903 2
1771369008612 0.7917375564575195 2
1771369008754 0.8921076655387878 2
1771369008981 0.8274624943733215 2
1771369009134 0.8109053373336792 2
1771369009349 0.6082626581192017 2
1771369009495 0.8561502695083618 2
1771369009650 0.6657418608665466 2
1771369009884 0.7505016922950745 2
1771369010038 0.7075998783111572 2
1771369010323 0.7143394947052002 2
1771369010484 0.6247105598449707 2
1771369010646 0.33961203694343567 2
1771369010899 0.6670092940330505 2
1771369011059 0.4917340874671936 2
1771369011304 0.9055466055870056 2
1771369011466 0.42238980531692505 2
1771369011630 0.7117704749107361 2
1771369011876 0.8351237177848816 2
1771369012041 0.8350484371185303 2
1771369012305 0.8615749478340149 2
1771369012458 0.7850812673568726 2
1771369012622 0.9555355310440063 2
1771369012899 0.663545548915863 2
1771369013057 0.6462429165840149 2
1771369013334 0.6704338788986206 2
1771369013500 0.7728930711746216 2
1771369013659 1.1670467853546143 2
1771369013923 0.5518329739570618 2
1771369014086 0.39493948221206665 2
1771369014335 0.7859990000724792 2
1771369014492 0.6956471800804138 2
1771369014651 0.6404525637626648 2
1771369014947 0.42221468687057495 2
1771369015107 0.7673699259757996 2
1771369015374 0.5929097533226013 2
1771369015538 1.5677919387817383 2
1771369015695 2.060154676437378 2
1771369015960 2.354318618774414 2
1771369016127 1.2843973636627197 2
1771369016404 0.9329648613929749 2
1771369016554 0.8758525252342224 2
1771369016710 0.7578630447387695 2
1771369016979 0.9260724186897278 2
1771369017133 0.9295464754104614 2
1771369017403 0.7331637144088745 2
1771369017560 0.6484544277191162 2
1771369017708 0.8065482378005981 2
1771369017963 0.5511422157287598 2
1771369018114 0.6232626438140869 2
1771369018353 0.6832786202430725 2
1771369018506 0.7354304790496826 2
1771369018660 1.0327835083007812 2
1771369018910 1.5712647438049316 2
1771369019063 0.7575865387916565 2
1771369019319 0.8066157102584839 2
1771369019479 0.5184938907623291 2
1771369019637 0.4580501616001129 2
1771369019899 0.7542585134506226 2
1771369020057 0.7102895975112915 2
1771369020330 0.4861679673194885 2
1771369020493 0.5856802463531494 2
1771369020659 0.3525705635547638 2
1771369020922 0.39808207750320435 2
1771369021087 0.5579201579093933 2
1771369021348 0.4986235797405243 2
1771369021510 0.6802585124969482 2
1771369021676 0.7286872863769531 2
1771369021937 0.5850919485092163 2
1771369022098 0.9606615304946899 2
1771369022368 0.5702689290046692 2
1771369022540 0.5379318594932556 2
1771369022715 0.445983350276947 2
1771369023022 0.7124830484390259 2
1771369023195 0.4859747290611267 2
1771369023465 0.7212388515472412 2
1771369023629 0.8089563846588135 2
1771369023788 0.9890527129173279 2
1771369024055 0.5964896082878113 2
1771369024221 0.6383159160614014 2
1771369024493 0.5037181377410889 2
1771369024660 0.5423423647880554 2
1771369024825 0.9583593606948853 2
1771369025094 1.3403401374816895 2
1771369025256 1.1488680839538574 2
1771369025522 0.8432057499885559 2
1771369025677 0.752720832824707 2
1771369025829 0.6468843817710876 2
1771369026065 0.4352976381778717 2
1771369026211 0.6378384232521057 2
1771369026457 0.539314866065979 2
1771369026610 0.5895794630050659 2
1771369026762 0.4996660053730011 2
1771369026995 0.5221085548400879 2
1771369027143 0.7862405180931091 2
1771369027419 1.5041890144348145 2
1771369027589 1.1042121648788452 2
1771369027729 0.8752744197845459 2
1771369027941 1.4345723390579224 2
1771369028082 0.7128782868385315 2
1771369028291 0.547886073589325 2
1771369028430 0.6651968955993652 2
1771369028581 0.4087812006473541 2
1771369028797 0.2886101007461548 2
1771369028935 0.6363291144371033 2
1771369029153 0.4899296760559082 2
1771369029299 0.7311930656433105 2
1771369029438 0.6161203384399414 2
1771369029649 0.5902454853057861 2
1771369029798 0.9552178382873535 2
1771369030013 1.290128469467163 2
1771369030161 1.2602566480636597 2
1771369030297 1.1600593328475952 2
1771369030529 0.4770815968513489 2
1771369030669 0.5994868874549866 2
1771369030904 0.22672143578529358 2
1771369031043 0.7879242300987244 2
1771369031178 0.44525253772735596 2
1771369031394 0.6096562147140503 2
1771369031532 0.5974505543708801 2
1771369031748 0.8403310179710388 2
1771369031884 0.4767167866230011 2
1771369032018 0.45685887336730957 2
1771369032234 0.7893618941307068 2
1771369032368 0.7910392880439758 2
1771369032581 0.5855139493942261 2
1771369032736 0.5753743052482605 2
1771369032885 0.5085330605506897 2
1771369033118 0.7497025728225708 2
1771369033275 0.6681481003761292 2
1771369033490 0.7862323522567749 2
1771369033627 1.077017903327942 2
1771369033766 2.36141037940979 2
1771369033976 1.0124139785766602 2
1771369034116 0.8875712156295776 2
1771369034338 0.40150532126426697 2
1771369034475 0.7943161725997925 2
1771369034611 0.5008327960968018 2
1771369034829 0.7755725383758545 2
1771369034962 0.8789165019989014 2
1771369035162 0.9083378911018372 2
1771369035303 1.0179035663604736 2
1771369035450 0.7962955236434937 2
1771369035662 0.5136367082595825 2
1771369035799 0.6679162383079529 2
1771369036023 0.7763732671737671 2
1771369036165 0.5397011041641235 2
1771369036303 0.5894360542297363 2
1771369036533 0.5376203060150146 2
1771369036672 0.7326815724372864 2
1771369036891 0.5379940867424011 2
1771369037030 0.4425574839115143 2
1771369037177 0.769200325012207 2
1771369037398 0.6196197271347046 2
1771369037543 0.5822450518608093 2
1771369037768 0.6148900985717773 2
1771369037906 0.660448431968689 2
1771369038055 0.784650444984436 2
1771369038289 0.7344078421592712 2
1771369038431 0.9239903092384338 2
1771369038652 0.9409516453742981 2
1771369038797 0.9887078404426575 2
1771369038954 0.9477961659431458 2
1771369039181 0.7256826162338257 2
1771369039334 0.7662890553474426 2
1771369039587 0.8896801471710205 2
1771369039741 0.7620767951011658 2
1771369039896 0.6264117956161499 2
1771369040144 0.83332359790802 2
1771369040295 0.7466156482696533 2
1771369040530 0.7489629983901978 2
1771369040676 0.7081830501556396 2
1771369040823 1.002066969871521 2
1771369041078 0.553019642829895 2
1771369041227 0.5112764835357666 2
1771369041472 0.6954903602600098 2
1771369041619 0.7811576128005981 2
1771369041767 0.6097819805145264 2
1771369042004 0.9603819251060486 2
1771369042152 1.162061095237732 2
1771369042399 1.4918972253799438 2
1771369042548 0.5975555777549744 2
1771369042699 0.5618885159492493 2
1771369042938 0.8116962909698486 2
1771369043095 0.47177407145500183 2
1771369043336 0.6672032475471497 2
1771369043470 0.736984133720398 2
1771369043611 0.7990040183067322 2
1771369043834 0.4474937915802002 2
1771369043970 0.44116318225860596 2
1771369044189 0.7441393136978149 2
1771369044332 0.4532517194747925 2
1771369044471 0.2930617332458496 2
1771369044683 0.3421700894832611 2
1771369044828 0.7588229179382324 2
1771369045058 1.1330307722091675 2
1771369045214 1.4664902687072754 2
1771369045369 0.8784444332122803 2
1771369045613 0.6803148984909058 2
1771369045757 0.6915895342826843 2
1771369045992 0.8543320894241333 2
1771369046142 0.8072994947433472 2
1771369046290 0.6061239242553711 2
1771369046544 0.5809623003005981 2
1771369046695 0.608883798122406 2
1771369046938 0.7470548748970032 2
1771369047081 0.5809159874916077 2
1771369047234 0.8175637125968933 2
1771369047456 0.6799266338348389 2
1771369047605 0.5792883038520813 2
1771369047843 0.7594773769378662 2
1771369047977 0.5518048405647278 2
1771369048123 0.8006249666213989 2
1771369048346 0.5782626271247864 2
1771369048488 0.6516265273094177 2
1771369048709 0.5948649048805237 2
1771369048851 0.5618423223495483 2
1771369048993 0.6261923313140869 2
1771369049214 0.7012313604354858 2
1771369049367 0.6591500043869019 2
1771369049587 0.5194931626319885 2
1771369049728 0.5254210829734802 2
1771369049875 0.5223533511161804 2
1771369050106 0.4874105751514435 2
1771369050253 0.668499231338501 2
1771369050474 0.6153486967086792 2
1771369050617 1.3258131742477417 2
1771369050763 0.9623903632164001 2
1771369050981 1.182283639907837 2
1771369051195 0.6024764776229858 2
1771369051483 0.6829900741577148 2
1771369051634 0.7894847989082336 2
1771369051781 0.5386949181556702 2
1771369052009 0.5321705341339111 2
1771369052167 0.7018725275993347 2
1771369052395 1.3293880224227905 2
1771369052556 1.8213595151901245 2
1771369052721 1.4747899770736694 2
1771369052946 0.8894062638282776 2
1771369053104 0.6022364497184753 2
1771369053352 0.8564277291297913 2
1771369053507 0.8286852240562439 2
1771369053654 0.5354160070419312 2
1771369053897 0.3544114828109741 2
1771369054044 0.6565111875534058 2
1771369054278 0.8916720747947693 2
1771369054437 0.6673882007598877 2
1771369054590 0.6209588050842285 2
1771369054808 0.5118927955627441 2
1771369054952 0.3488832116127014 2
1771369055185 0.47513553500175476 2
1771369055335 0.3492007255554199 2
1771369055566 0.7273140549659729 2
1771369055708 0.8745933175086975 2
1771369055850 0.5968648195266724 2
1771369056062 0.41203615069389343 2
1771369056209 0.453143835067749 2
1771369056445 0.672860860824585 2
1771369056623 0.9034143686294556 2
1771369056887 1.019446611404419 2
1771369057050 1.5112324953079224 2
1771369057220 0.5817171931266785 2
1771369057472 0.6069155931472778 2
1771369057642 0.48838314414024353 2
1771369057919 0.9619945883750916 2
1771369058091 0.8737414479255676 2
1771369058372 0.71700119972229 2
1771369058543 0.6517351865768433 2
1771369058707 0.6835142374038696 2
1771369058980 0.4826304316520691 2
1771369059146 0.5936526656150818 2
1771369059410 0.6567628383636475 2
1771369059572 0.5081639289855957 2
1771369059739 0.7150788903236389 2
1771369059990 0.7185206413269043 2
1771369060149 0.8227885961532593 2
1771369060388 0.6664167046546936 2
1771369060542 0.7209231853485107 2
1771369060808 1.0289382934570312 2
1771369060970 0.5458017587661743 2
1771369061197 0.9819328188896179 2
1771369061459 1.0384849309921265 2
1771369061607 0.8132504224777222 2
1771369061838 0.8305556178092957 2
1771369061986 0.7971996665000916 2
1771369062126 0.8308178186416626 2
1771369062356 0.9112854599952698 2
1771369062508 0.9096182584762573 2
1771369062756 0.6045337915420532 2
1771369062909 0.5955701470375061 2
1771369063157 0.6025242805480957 2
1771369063325 0.7289313673973083 2
1771369063493 0.4284632205963135 2
1771369063742 0.408078134059906 2
1771369063918 0.5402581095695496 2
1771369064170 0.3156554400920868 2
1771369064332 0.4808526635169983 2
1771369064496 0.6455153226852417 2
1771369064746 0.654488742351532 2
1771369064911 0.6469265222549438 2
1771369065177 0.7417962551116943 2
1771369065340 0.6102814674377441 2
1771369065598 1.226759910583496 2
1771369065758 1.5640381574630737 2
1771369066019 0.85158771276474 2
1771369066187 0.7216569781303406 2
1771369066367 0.7991753220558167 2
1771369066648 0.6805356740951538 2
1771369066812 0.2755894064903259 2
1771369067051 0.49558770656585693 2
1771369067206 0.43327954411506653 2
1771369067470 0.5945195555686951 2
1771369067627 0.6165427565574646 2
1771369067785 0.9466729164123535 2
1771369068085 0.5932899117469788 2
1771369068238 0.678998589515686 2
1771369068503 0.5038253664970398 2
1771369068666 0.49217304587364197 2
1771369068926 0.3502725064754486 2
1771369069081 0.7168360948562622 2
1771369069236 0.6361172199249268 2
1771369069482 0.49130600690841675 2
1771369069646 0.9855828285217285 2
1771369069894 0.46845772862434387 2
1771369070061 0.8272075057029724 2
1771369070230 0.45929813385009766 2
1771369070498 0.6702336072921753 2
1771369070662 0.5778433680534363 2
1771369070935 0.5062174797058105 2
1771369071096 0.48325997591018677 2
1771369071365 0.5240956544876099 2
1771369071527 0.6236169338226318 2
1771369071777 0.9361322522163391 2
1771369071944 0.6396641135215759 2
1771369072114 0.7053758502006531 2
1771369072378 0.35839730501174927 2
1771369072547 0.7089753150939941 2
1771369072810 0.5869793891906738 2
1771369072986 0.5036269426345825 2
1771369073249 0.5603586435317993 2
1771369073414 0.7121169567108154 2
1771369073580 0.36171218752861023 2
1771369073857 0.7880837917327881 2
1771369074022 0.6588639616966248 2
1771369074297 0.537280261516571 2
1771369074470 0.572923481464386 2
1771369074797 0.3869926631450653 2
1771369075004 0.49633094668388367 2
1771369075174 0.4475747346878052 2
1771369075420 0.4450669586658478 2
1771369075582 0.5443980097770691 2
1771369075843 0.4718041718006134 2
1771369076003 0.511293351650238 2
1771369076165 0.8519256711006165 2
1771369076429 1.7664321660995483 2
1771369076588 1.1066341400146484 2
1771369076833 0.755794882774353 2
1771369076991 0.46610429883003235 2
1771369077233 0.676118016242981 2
1771369077390 0.4658344089984894 2
1771369077651 0.5928062796592712 2
1771369077813 0.8056527972221375 2
1771369077971 0.5318430662155151 2
1771369078225 0.6466447710990906 2
1771369078392 0.4921153783798218 2
1771369078653 0.7418025732040405 2
1771369078811 0.8805558085441589 2
1771369079048 0.7798736691474915 2
1771369079204 0.6762610673904419 2
1771369079366 0.5688104629516602 2
1771369079614 0.33809134364128113 2
1771369079773 0.42895787954330444 2
1771369080021 0.7437829971313477 2
1771369080175 0.5364336967468262 2
1771369080440 0.5935896039009094 2
1771369080605 0.9351093173027039 2
1771369080764 0.5546980500221252 2
1771369081033 0.6512026786804199 2
1771369081193 0.4010651409626007 2
1771369081432 0.3416382372379303 2
1771369081586 0.5668129920959473 2
1771369081742 0.6680150628089905 2
1771369081977 0.4744056165218353 2
1771369082132 0.9382544159889221 2
1771369082381 0.7864449620246887 2
1771369082543 0.7165754437446594 2
1771369082808 0.580452561378479 2
1771369082949 1.1195182800292969 2
1771369083185 0.9068964123725891 2
1771369083325 1.9143484830856323 2
1771369083460 1.045369267463684 2
1771369083669 0.6001139879226685 2
1771369083804 0.5201573967933655 2
1771369084038 0.99313884973526 2
1771369084179 0.5781387686729431 2
1771369084383 0.40798720717430115 2
1771369084525 0.8740875124931335 2
1771369084697 0.4351864159107208 2
1771369084923 0.41569796204566956 2
1771369085080 0.3957226574420929 2
1771369085335 0.6085220575332642 2
1771369085487 0.5630765557289124 2
1771369085767 0.7570350170135498 2
1771369085921 0.5117529630661011 2
1771369086050 0.36821600794792175 2
1771369086675 0.7704436779022217 3
1771369086831 0.973660945892334 3
1771369086990 0.4596576988697052 3
1771369087253 0.6610140800476074 3
1771369087414 1.2084389925003052 3
1771369087681 0.6705145835876465 3
1771369087829 0.5236048698425293 3
1771369088054 0.6443752646446228 3
1771369088206 0.38113653659820557 3
1771369088446 0.6251541376113892 3
1771369088601 0.5431427955627441 3
1771369088755 0.5228875875473022 3
1771369088993 0.9984360337257385 3
1771369089136 0.6306509375572205 3
1771369089348 0.4892280399799347 3
1771369089486 0.5053297877311707 3
1771369089786 0.6984438300132751 3
1771369089930 0.6982600688934326 3
1771369090072 0.6582856178283691 3
1771369090299 0.8316255807876587 3
1771369090450 0.41074222326278687 3
1771369090671 0.9117890000343323 3
1771369090824 0.4779476821422577 3
1771369091074 0.4996384382247925 3
1771369091222 1.020392656326294 3
1771369091366 0.8654922842979431 3
1771369091618 1.0509237051010132 3
1771369091769 0.8204280734062195 3
1771369091997 0.5097008943557739 3
1771369092155 0.7368342280387878 3
1771369092312 0.3380783200263977 3
1771369092552 0.5155142545700073 3
1771369092714 0.4154570400714874 3
1771369092965 0.46425947546958923 3
1771369093117 0.5947391390800476 3
1771369093384 0.4099358916282654 3
1771369093535 0.5687141418457031 3
1771369093786 0.3891298472881317 3
1771369093941 0.6347731947898865 3
1771369094090 0.6390790343284607 3
1771369094328 0.6958202123641968 3
1771369094489 0.7897043228149414 3
1771369094713 0.4551669955253601 3
1771369094864 0.8019533753395081 3
1771369095114 0.8005085587501526 3
1771369095265 0.739866316318512 3
1771369095418 0.8496789336204529 3
1771369095673 0.5259355902671814 3
1771369095825 0.4173581600189209 3
1771369096066 0.6615698337554932 3
1771369096220 1.673269510269165 3
1771369096473 1.056544542312622 3
1771369096624 0.7412465214729309 3
1771369096778 0.7954728603363037 3
1771369097017 1.1625107526779175 3
1771369097169 0.6658305525779724 3
1771369097409 0.6763524413108826 3
1771369097557 0.6470215916633606 3
1771369097705 0.4459657371044159 3
1771369097962 0.6256682872772217 3
1771369098109 0.4069487154483795 3
1771369098347 0.5772239565849304 3
1771369098497 0.7815812826156616 3
1771369098727 0.6522175073623657 3
1771369098880 0.4519083797931671 3
1771369099119 0.44640791416168213 3
1771369099271 0.5742515325546265 3
1771369099426 0.6793374419212341 3
1771369099671 0.8176450133323669 3
1771369099819 1.2039955854415894 3
1771369100064 1.765657901763916 3
1771369100217 1.142309308052063 3
1771369100469 0.7522658705711365 3
1771369100625 1.1155004501342773 3
1771369100777 0.5874136090278625 3
1771369101026 0.835615336894989 3
1771369101174 0.6621580123901367 3
1771369101406 0.49939510226249695 3
1771369101552 0.32251155376434326 3
1771369101797 0.3833998441696167 3
1771369101947 0.7251739501953125 3
1771369102094 0.47187539935112 3
1771369102350 0.42489129304885864 3
1771369102500 0.7371901273727417 3
1771369102753 0.4554753303527832 3
1771369102916 0.6318947672843933 3
1771369103075 0.6640998125076294 3
1771369103337 0.8221262097358704 3
1771369103489 1.2710494995117188 3
1771369103738 1.011667013168335 3
1771369103895 0.42747917771339417 3
1771369104124 0.581414520740509 3
1771369104279 0.5663755536079407 3
1771369104534 0.4252682626247406 3
1771369104685 0.3916046619415283 3
1771369104892 0.34429410099983215 3
1771369105157 0.5320660471916199 3
1771369105315 0.5118563175201416 3
1771369105568 0.5853574275970459 3
1771369105723 0.5691763758659363 3
1771369105959 0.5266404151916504 3
1771369106114 0.4574339985847473 3
1771369106273 0.23835492134094238 3
1771369106527 0.4522666931152344 3
1771369106682 0.7690624594688416 3
1771369106919 1.0051624774932861 3
1771369107074 2.1738622188568115 3
1771369107327 0.598327100276947 3
1771369107492 0.41320139169692993 3
1771369107648 0.7011975646018982 3
1771369107881 1.1220037937164307 3
1771369108038 0.587032675743103 3
1771369108273 0.7666564583778381 3
1771369108424 0.5311862826347351 3
1771369108576 0.675197422504425 3
1771369108831 0.4714137315750122 3
1771369108981 0.49017754197120667 3
1771369109213 0.48588481545448303 3
1771369109368 0.6982981562614441 3
1771369109623 0.4799347519874573 3
1771369109765 0.523094654083252 3
1771369109973 0.49928340315818787 3
1771369110117 0.6589779853820801 3
1771369110260 1.0192277431488037 3
1771369110472 0.6602683067321777 3
1771369110608 0.5344195365905762 3
1771369110810 0.8074710965156555 3
1771369110947 0.5359452962875366 3
1771369111165 0.722644567489624 3
1771369111305 0.347905695438385 3
1771369111442 0.5301777124404907 3
1771369111669 0.5111794471740723 3
1771369111808 0.48412615060806274 3
1771369112010 0.48364317417144775 3
1771369112146 0.25559213757514954 3
1771369112364 0.480146199464798 3
1771369112502 0.5313599705696106 3
1771369112660 0.7836617231369019 3
1771369112910 1.429288625717163 3
1771369113060 0.9777688384056091 3
1771369113335 0.8940233588218689 3
1771369113483 0.4358507990837097 3
1771369113619 0.3509359359741211 3
1771369113843 0.7146434783935547 3
1771369113991 0.5681924223899841 3
1771369114205 0.3285790979862213 3
1771369114351 0.5779738426208496 3
1771369114588 0.49334120750427246 3
1771369114725 0.405337393283844 3
1771369114930 0.4646160304546356 3
1771369115071 0.42176029086112976 3
1771369115219 0.9841463565826416 3
1771369115430 0.7864943742752075 3
1771369115567 1.2587429285049438 3
1771369115812 1.1676794290542603 3
1771369115953 0.7292402386665344 3
1771369116156 0.5894662737846375 3
1771369116296 0.25670135021209717 3
1771369116452 0.3865215480327606 3
1771369116670 0.6537204384803772 3
1771369116806 0.5754358768463135 3
1771369117034 0.4224201738834381 3
1771369117173 0.6225652098655701 3
1771369117378 0.43143221735954285 3
1771369117515 0.4177302122116089 3
1771369117653 0.39960500597953796 3
1771369117866 0.42006340622901917 3
1771369118005 0.4206279516220093 3
1771369118221 0.4111260771751404 3
1771369118366 0.7677383422851562 3
1771369118504 0.8565303683280945 3
1771369118710 1.6855547428131104 3
1771369118847 1.1851099729537964 3
1771369119067 0.6712134480476379 3
1771369119207 0.8643453121185303 3
1771369119411 0.8125107884407043 3
1771369119554 0.6445309519767761 3
1771369119765 0.7589132189750671 3
1771369119914 1.037380337715149 3
1771369120059 0.6296003460884094 3
1771369120308 0.3673548102378845 3
1771369120465 0.837753176689148 3
1771369120699 0.9576379656791687 3
1771369120859 1.2415369749069214 3
1771369121092 1.0960992574691772 3
1771369121241 0.8334639668464661 3
1771369121391 0.6670280694961548 3
1771369121612 0.4453129470348358 3
1771369121756 0.6387489438056946 3
1771369121994 0.7562426328659058 3
1771369122140 0.5060644745826721 3
1771369122380 0.9068247079849243 3
1771369122532 0.6066408753395081 3
1771369122683 0.6095123291015625 3
1771369122907 0.38090017437934875 3
1771369123067 0.44200968742370605 3
1771369123299 0.5485697388648987 3
1771369123441 0.5922233462333679 3
1771369123677 0.4151221513748169 3
1771369123826 0.3385973572731018 3
1771369124072 0.3456387221813202 3
1771369124229 0.41773298382759094 3
1771369124370 0.5119119882583618 3
1771369124594 0.37711000442504883 3
1771369124833 0.4749937951564789 3
1771369125072 0.6158673763275146 3
1771369125229 1.2060694694519043 3
1771369125461 0.6732335090637207 3
1771369125611 0.48154792189598083 3
1771369125769 0.4408037066459656 3
1771369125997 0.5259983539581299 3
1771369126155 0.325575053691864 3
1771369126418 0.5364879965782166 3
1771369126578 0.353594571352005 3
1771369126830 0.6215375065803528 3
1771369126989 0.4602329432964325 3
1771369127143 0.9474335312843323 3
1771369127367 1.3159599304199219 3
1771369127522 1.0729153156280518 3
1771369127750 0.8162587285041809 3
1771369127894 0.5984686613082886 3
1771369128147 0.7619877457618713 3
1771369128303 0.6445169448852539 3
1771369128542 0.652055025100708 3
1771369128691 0.5646722912788391 3
1771369128832 0.5793434381484985 3
1771369129057 0.5820760726928711 3
1771369129202 0.4575556516647339 3
1771369129429 1.0011258125305176 3
1771369129570 1.5006561279296875 3
1771369129791 0.8735227584838867 3
1771369129936 0.6539654731750488 3
1771369130079 0.5252237915992737 3
1771369130305 0.5801205635070801 3
1771369130455 0.5677300691604614 3
1771369130683 0.4988103210926056 3
1771369130840 0.46567949652671814 3
1771369131091 0.5106927752494812 3
1771369131241 0.4558885395526886 3
1771369131389 0.543785035610199 3
1771369131657 0.6793937087059021 3
1771369131994 0.7737181782722473 3
1771369132258 0.5667520761489868 3
1771369132411 0.547985851764679 3
1771369132685 0.48036321997642517 3
1771369132846 0.3826916217803955 3
1771369133076 0.629379391670227 3
1771369133238 0.5285781025886536 3
1771369133398 0.4959755837917328 3
1771369133607 0.7036851048469543 3
1771369133755 0.7841310501098633 3
1771369133977 0.8209702372550964 3
1771369134121 0.5473362803459167 3
1771369134380 0.7507364749908447 3
1771369134538 0.648363471031189 3
1771369134683 0.600080132484436 3
1771369134908 0.6590404510498047 3
1771369135050 0.3669312298297882 3
1771369135279 0.6450161933898926 3
1771369135433 0.42301031947135925 3
1771369135661 0.7209435701370239 3
1771369135814 0.7326449751853943 3
1771369135966 0.30986037850379944 3
1771369136191 0.5631610751152039 3
1771369136338 0.4415106177330017 3
1771369136595 0.8333081007003784 3
1771369136749 0.6141406297683716 3
1771369136974 0.5615652799606323 3
1771369137122 0.6150879859924316 3
1771369137347 0.5193058252334595 3
1771369137488 0.4960702359676361 3
1771369137638 0.3206721544265747 3
1771369137894 0.4486473798751831 3
1771369138040 0.5723751187324524 3
1771369138272 0.5196372270584106 3
1771369138419 0.2753395736217499 3
1771369138644 0.3853320777416229 3
1771369138791 0.4456334710121155 3
1771369138932 0.6407842636108398 3
1771369139141 0.3950956165790558 3
1771369139284 0.40358492732048035 3
1771369139526 0.5322641730308533 3
1771369139680 0.4690888226032257 3
1771369139926 0.36102494597435 3
1771369140084 0.3973776400089264 3
1771369140246 0.6018294095993042 3
1771369140489 0.6054569482803345 3
1771369140649 0.3377646207809448 3
1771369140925 0.39263132214546204 3
1771369141084 0.6731011271476746 3
1771369141334 0.8043355345726013 3
1771369141500 0.7830222845077515 3
1771369141738 0.7223985195159912 3
1771369141893 1.3983938694000244 3
1771369142054 0.6016149520874023 3
1771369142288 0.49112391471862793 3
1771369142444 0.516990602016449 3
1771369142708 0.5762603878974915 3
1771369142874 0.6900577545166016 3
1771369143132 0.7248731851577759 3
1771369143306 0.6004941463470459 3
1771369143464 0.6658317446708679 3
1771369143725 0.624695897102356 3
1771369143890 0.7054128050804138 3
1771369144132 0.45260089635849 3
1771369144293 0.9765152931213379 3
1771369144557 1.0087450742721558 3
1771369144705 0.7990272045135498 3
1771369144861 0.5581981539726257 3
1771369145089 0.4896932542324066 3
1771369145232 0.5811651945114136 3
1771369145448 0.4979592561721802 3
1771369145587 0.6696906089782715 3
1771369145793 0.5144852995872498 3
1771369145947 0.5588281750679016 3
1771369146157 0.6393532752990723 3
1771369146295 0.629109263420105 3
1771369146444 0.34804075956344604 3
1771369146693 0.3519045412540436 3
1771369146847 0.5667505264282227 3
1771369147119 0.5989126563072205 3
1771369147278 0.4675864279270172 3
1771369147509 0.32697221636772156 3
1771369147668 0.3823375105857849 3
1771369147834 0.5418028235435486 3
1771369148065 0.4610290229320526 3
1771369148223 0.5666931867599487 3
1771369148464 0.43087559938430786 3
1771369148616 0.7592964172363281 3
1771369148885 0.6643185615539551 3
1771369149053 1.3122833967208862 3
1771369149208 0.8711203932762146 3
1771369149452 0.7168936729431152 3
1771369149612 0.7052623629570007 3
1771369149860 0.7459672093391418 3
1771369150020 0.33212193846702576 3
1771369150261 0.6258116364479065 3
1771369150417 0.6055967211723328 3
1771369150679 0.4337458908557892 3
1771369150837 0.6131232976913452 3
1771369150992 0.48771220445632935 3
1771369151259 0.3903893828392029 3
1771369151414 0.3334883451461792 3
1771369151674 0.4285358190536499 3
1771369151836 0.37374502420425415 3
1771369152082 0.48914238810539246 3
1771369152242 0.33908215165138245 3
1771369152409 0.48029637336730957 3
1771369152678 0.44349193572998047 3
1771369152843 0.6462703347206116 3
1771369153119 0.5725042819976807 3
1771369153287 0.6001136302947998 3
1771369153554 0.6408666968345642 3
1771369153715 0.8035138845443726 3
1771369153868 0.44952720403671265 3
1771369154126 0.5434011220932007 3
1771369154290 0.9039887189865112 3
1771369154532 0.8312629461288452 3
1771369154697 0.7775676846504211 3
1771369154940 0.48220396041870117 3
1771369155095 0.6155401468276978 3
1771369155348 0.6317784190177917 3
1771369155508 0.8707477450370789 3
1771369155663 1.0267614126205444 3
1771369155925 1.1608644723892212 3
1771369156086 1.3185604810714722 3
1771369156333 1.1864243745803833 3
1771369156500 0.8859705924987793 3
1771369156750 0.49138084053993225 3
1771369156905 0.5914053320884705 3
1771369157063 0.45030951499938965 3
1771369157326 0.5947785377502441 3
1771369157486 0.3984905481338501 3
1771369157743 0.2781390845775604 3
1771369157913 0.3850068151950836 3
1771369158176 0.5494957566261292 3
1771369158344 0.7366890907287598 3
1771369158510 0.5938202142715454 3
1771369158804 0.49849092960357666 3
1771369158965 0.4423089623451233 3
1771369159189 0.41896411776542664 3
1771369159348 0.6223985552787781 3
1771369159616 0.726916491985321 3
1771369159777 0.9609391689300537 3
1771369160025 0.46139785647392273 3
1771369160191 0.4774141311645508 3
1771369160351 0.5149168372154236 3
1771369160610 0.5430707931518555 3
1771369160770 0.5771980881690979 3
1771369161015 0.5275861024856567 3
1771369161178 0.42549777030944824 3
1771369161444 0.45995232462882996 3
1771369161614 0.4032147228717804 3
1771369161777 0.771039605140686 3
1771369162037 0.4781413972377777 3
1771369162202 0.478706955909729 3
1771369162458 0.5191635489463806 3
1771369162628 0.6197633743286133 3
1771369162899 0.4533304274082184 3
1771369163065 0.5596514344215393 3
1771369163232 0.4289258122444153 3
1771369163491 0.6454311609268188 3
1771369163660 0.6266905665397644 3
1771369163926 0.6330708861351013 3
1771369164092 0.48048239946365356 3
1771369164358 0.3569853603839874 3
1771369164523 0.39633414149284363 3
1771369164760 0.6200814843177795 3
1771369164916 0.7003991603851318 3
1771369165079 0.39827096462249756 3
1771369165334 0.6802326440811157 3
1771369165485 0.3760627508163452 3
1771369165731 0.5363740921020508 3
1771369165887 0.5105575919151306 3
1771369166115 0.6162687540054321 3
1771369166257 0.6622431874275208 3
1771369166393 1.0555641651153564 3
1771369166940 3.0257275104522705 4
1771369167078 0.689741313457489 4
1771369167292 0.509468674659729 4
1771369167431 0.5249369144439697 4
1771369167575 0.5062695145606995 4
1771369167788 0.5607460141181946 4
1771369167939 0.5914549827575684 4
1771369168147 0.5201244950294495 4
1771369168285 0.4487675130367279 4
1771369168519 0.24785763025283813 4
1771369168660 0.5767262578010559 4
1771369168870 0.498995304107666 4
1771369169010 0.5229099988937378 4
1771369169152 0.24690385162830353 4
1771369169358 0.5145725011825562 4
1771369169498 0.34412243962287903 4
1771369169732 0.42048171162605286 4
1771369169885 0.5202860236167908 4
1771369170113 0.361807256937027 4
1771369170259 0.4602991044521332 4
1771369170399 0.4105285108089447 4
1771369170611 0.551047682762146 4
1771369170752 0.38454222679138184 4
1771369170973 0.4345672130584717 4
1771369171113 0.5185092687606812 4
1771369171325 0.5321323275566101 4
1771369171466 0.4854574203491211 4
1771369171607 0.3267216384410858 4
1771369171834 0.5344616174697876 4
1771369171987 0.45068565011024475 4
1771369172205 0.4456024467945099 4
1771369172349 0.4741862416267395 4
1771369172575 0.4185026288032532 4
1771369172725 0.5680538415908813 4
1771369172948 1.060243010520935 4
1771369173099 0.8559823036193848 4
1771369173240 0.48645174503326416 4
1771369173454 0.7794651985168457 4
1771369173595 0.7200156450271606 4
1771369173800 0.3842814862728119 4
1771369173947 0.43485093116760254 4
1771369174179 0.5935139656066895 4
1771369174322 0.4932621717453003 4
1771369174464 0.3038147985935211 4
1771369174676 0.41193267703056335 4
1771369174819 0.6155338287353516 4
1771369175033 0.4490010142326355 4
1771369175185 0.4121958315372467 4
1771369175404 0.4935261309146881 4
1771369175546 0.4337823987007141 4
1771369175685 0.5537747144699097 4
1771369175927 0.3491421639919281 4
1771369176084 0.4216618537902832 4
1771369176317 0.4055265188217163 4
1771369176457 0.5097870230674744 4
1771369176677 0.6579379439353943 4
1771369176825 0.6559691429138184 4
1771369177074 0.37543347477912903 4
1771369177215 0.5558739900588989 4
1771369177358 0.7625086903572083 4
1771369177579 0.726111650466919 4
1771369177714 0.9438039064407349 4
1771369177937 0.5244101881980896 4
1771369178086 0.5821749567985535 4
1771369178312 0.5715500712394714 4
1771369178462 0.606855034828186 4
1771369178612 1.020777702331543 4
1771369178828 0.7857725620269775 4
1771369178971 0.7857213616371155 4
1771369179212 0.5733963251113892 4
1771369179352 0.6637924313545227 4
1771369179565 0.25265851616859436 4
1771369179714 0.6127600073814392 4
1771369179860 0.49188491702079773 4
1771369180069 0.4749830365180969 4
1771369180224 0.5279746651649475 4
1771369180447 0.4182853698730469 4
1771369180585 0.4224283695220947 4
1771369180825 0.4361446499824524 4
1771369180972 0.5321486592292786 4
1771369181184 0.3833200931549072 4
1771369181328 0.4073215425014496 4
1771369181475 0.6126790046691895 4
1771369181693 0.3527039587497711 4
1771369181836 0.42073696851730347 4
1771369182057 0.4664449095726013 4
1771369182198 0.3961177468299866 4
1771369182427 0.43911847472190857 4
1771369182584 0.4716699421405792 4
1771369182730 0.4255319833755493 4
1771369182959 0.3857537806034088 4
1771369183117 0.4863404929637909 4
1771369183349 0.4583202302455902 4
1771369183497 0.7759239673614502 4
1771369183725 0.4809545874595642 4
1771369183874 0.4736235439777374 4
1771369184023 0.6376356482505798 4
1771369184255 0.5562190413475037 4
1771369184413 0.4792402982711792 4
1771369184627 0.47842079401016235 4
1771369184772 0.36088666319847107 4
1771369184995 0.5998450517654419 4
1771369185144 0.5050738453865051 4
1771369185372 0.4836667478084564 4
1771369185514 0.539644718170166 4
1771369185665 0.44338399171829224 4
1771369185889 0.39924004673957825 4
1771369186035 0.4940144121646881 4
1771369186275 0.381256103515625 4
1771369186439 0.4810737669467926 4
1771369186667 0.5503861904144287 4
1771369186816 0.49316826462745667 4
1771369186965 0.49734586477279663 4
1771369187197 0.49448296427726746 4
1771369187349 0.4470581114292145 4
1771369187587 0.7272312045097351 4
1771369187743 0.6107800006866455 4
1771369187971 0.4742877781391144 4
1771369188120 0.45483025908470154 4
1771369188264 0.48881420493125916 4
1771369188480 0.6152777671813965 4
1771369188638 0.4942089915275574 4
1771369188854 0.5093264579772949 4
1771369188995 0.5991731882095337 4
1771369189224 0.7631246447563171 4
1771369189363 0.6205310821533203 4
1771369189504 0.48671266436576843 4
1771369189721 0.25013941526412964 4
1771369189866 0.6066027879714966 4
1771369190086 0.5845476388931274 4
1771369190230 0.46901553869247437 4
1771369190447 0.5091524720191956 4
1771369190596 0.525029718875885 4
1771369190837 0.2507162392139435 4
1771369190982 0.5257973074913025 4
1771369191126 0.4680863320827484 4
1771369191335 0.5088812708854675 4
1771369191483 0.7809557318687439 4
1771369191699 0.9052401781082153 4
1771369191839 0.5607462525367737 4
1771369191978 0.5061407685279846 4
1771369192217 0.5527333617210388 4
1771369192358 0.6827386617660522 4
1771369192577 0.4337693750858307 4
1771369192736 0.5914559960365295 4
1771369192958 0.5349579453468323 4
1771369193102 0.737897515296936 4
1771369193352 0.7467901110649109 4
1771369193498 0.34493762254714966 4
1771369193641 0.6233400702476501 4
1771369193853 0.4502814710140228 4
1771369193991 0.3716889023780823 4
1771369194202 0.344054639339447 4
1771369194358 0.5837721228599548 4
1771369194611 0.42446833848953247 4
1771369194784 0.5555137991905212 4
1771369194942 0.4985213875770569 4
1771369195215 0.7316007018089294 4
1771369195394 0.5932064056396484 4
1771369195649 0.5109724402427673 4
1771369195821 0.5207886695861816 4
1771369196076 0.36498719453811646 4
1771369196243 0.4954620599746704 4
1771369196419 0.34406331181526184 4
1771369196671 0.442453533411026 4
1771369196842 0.47131749987602234 4
1771369197134 0.4837563931941986 4
1771369197309 0.34641164541244507 4
1771369197594 0.36171069741249084 4
1771369197770 0.3588721752166748 4
1771369198043 0.391220360994339 4
1771369198222 0.3412834107875824 4
1771369198397 0.3319902718067169 4
1771369198677 0.4703316390514374 4
1771369198849 0.286378413438797 4
1771369199110 0.36615148186683655 4
1771369199275 0.4290791153907776 4
1771369199442 0.7316920757293701 4
1771369199682 0.5495179891586304 4
1771369199833 0.5213156938552856 4
1771369200048 0.4987944960594177 4
1771369200189 0.2967844605445862 4
1771369200410 0.43923118710517883 4
1771369200574 0.8119709491729736 4
1771369200799 0.3793313503265381 4
1771369200972 0.47566038370132446 4
1771369201116 0.5706459879875183 4
1771369201329 0.6910567879676819 4
1771369201474 0.7766918540000916 4
1771369201684 0.7559032440185547 4
1771369201826 0.8256073594093323 4
1771369202045 0.5610741376876831 4
1771369202190 0.3818206787109375 4
1771369202332 0.5450562834739685 4
1771369202544 0.5201376676559448 4
1771369202698 0.5012848377227783 4
1771369202918 0.5241866707801819 4
1771369203079 0.35840314626693726 4
1771369203343 0.7095170617103577 4
1771369203488 0.4825626015663147 4
1771369203626 0.4945776164531708 4
1771369203827 0.5268117189407349 4
1771369203971 0.44791701436042786 4
1771369204196 0.5058062076568604 4
1771369204336 0.4217595160007477 4
1771369204541 0.25872522592544556 4
1771369204683 0.5135083198547363 4
1771369204886 0.3595544993877411 4
1771369205027 0.6464818120002747 4
1771369205176 0.4975774884223938 4
1771369205386 0.5423456430435181 4
1771369205537 0.5689807534217834 4
1771369205738 0.5148953199386597 4
1771369205878 0.45648130774497986 4
1771369206015 0.4409118592739105 4
1771369206218 0.3531043827533722 4
1771369206358 0.5700685381889343 4
1771369206572 0.3919319808483124 4
1771369206716 0.580025315284729 4
1771369206922 0.564973771572113 4
1771369207065 0.7689672112464905 4
1771369207281 0.8524008393287659 4
1771369207425 0.7792026996612549 4
1771369207570 0.5591865181922913 4
1771369207778 0.5448175668716431 4
1771369207924 0.398398220539093 4
1771369208134 0.45714548230171204 4
1771369208280 0.5273205637931824 4
1771369208484 0.4028344750404358 4
1771369208627 0.4317726492881775 4
1771369208768 0.48082831501960754 4
1771369208974 0.5592035055160522 4
1771369209115 0.3663787245750427 4
1771369209334 0.6081743836402893 4
1771369209480 0.6929036974906921 4
1771369209687 1.669256329536438 4
1771369209830 0.999123215675354 4
1771369209971 0.7728661894798279 4
1771369210175 0.45576438307762146 4
1771369210317 0.3423897922039032 4
1771369210518 0.4368394911289215 4
1771369210656 0.43576210737228394 4
1771369210854 0.5498640537261963 4
1771369210991 0.6176433563232422 4
1771369211192 0.3789985775947571 4
1771369211330 0.5008945465087891 4
1771369211479 0.576461136341095 4
1771369211684 0.5679884552955627 4
1771369211822 0.4412287175655365 4
1771369212024 0.3677341043949127 4
1771369212167 0.5121299028396606 4
1771369212304 0.5275397300720215 4
1771369212509 0.4451185166835785 4
1771369212657 0.5715895891189575 4
1771369212873 0.4439847767353058 4
1771369213017 0.6024041771888733 4
1771369213223 0.4088907241821289 4
1771369213375 0.5769015550613403 4
1771369213589 0.5189836025238037 4
1771369213729 0.5725436806678772 4
1771369213867 0.36444568634033203 4
1771369214073 0.37780606746673584 4
1771369214210 0.4939681887626648 4
1771369214419 0.3865348696708679 4
1771369214560 0.6257973909378052 4
1771369214765 0.49820905923843384 4
1771369214907 0.6071817278862 4
1771369215050 0.8637588620185852 4
1771369215272 0.4834827184677124 4
1771369215422 0.22013236582279205 4
1771369215638 0.5240902304649353 4
1771369215780 0.4653913378715515 4
1771369215985 0.3484703004360199 4
1771369216128 0.388217955827713 4
1771369216266 0.654779314994812 4
1771369216480 0.5113327503204346 4
1771369216623 0.3523139953613281 4
1771369216833 0.2792104184627533 4
1771369216972 0.5058552622795105 4
1771369217176 0.5698227286338806 4
1771369217317 0.4726073741912842 4
1771369217521 0.43152090907096863 4
1771369217673 0.4802250564098358 4
1771369217817 0.31895774602890015 4
1771369218029 0.4160844683647156 4
1771369218170 0.48819831013679504 4
1771369218380 0.3980916142463684 4
1771369218523 0.44351664185523987 4
1771369218662 0.5795498490333557 4
1771369218868 0.7433751225471497 4
1771369219006 0.7044459581375122 4
1771369219211 0.6334336996078491 4
1771369219351 0.7268416881561279 4
1771369219551 0.9306219816207886 4
1771369219693 0.9774236083030701 4
1771369219903 0.33870813250541687 4
1771369220047 0.3062098026275635 4
1771369220184 0.6941518187522888 4
1771369220395 0.6846628785133362 4
1771369220534 0.38380807638168335 4
1771369220744 0.4026789963245392 4
1771369220884 0.4615213871002197 4
1771369221090 0.3412206172943115 4
1771369221231 0.22786475718021393 4
1771369221372 0.6201481819152832 4
1771369221579 0.37868326902389526 4
1771369221719 0.5570175051689148 4
1771369221939 0.561802089214325 4
1771369222083 0.39368969202041626 4
1771369222293 0.4818211793899536 4
1771369222441 0.3166435956954956 4
1771369222592 0.5541337132453918 4
1771369222825 0.4133220911026001 4
1771369222968 0.5214258432388306 4
1771369223187 0.5050812363624573 4
1771369223325 0.44988760352134705 4
1771369223526 0.7350179553031921 4
1771369223662 0.48499852418899536 4
1771369223871 0.6975035667419434 4
1771369224013 0.9643009901046753 4
1771369224154 0.9041386842727661 4
1771369224364 0.5915842056274414 4
1771369224502 0.6359712481498718 4
1771369224703 0.441770076751709 4
1771369224844 0.4987638592720032 4
1771369224983 0.38985371589660645 4
1771369225190 0.5965721011161804 4
1771369225332 0.7533132433891296 4
1771369225550 0.4837144613265991 4
1771369225690 0.22378838062286377 4
1771369225895 0.6558886170387268 4
1771369226047 0.5094192624092102 4
1771369226261 0.5650600790977478 4
1771369226406 0.5018089413642883 4
1771369226545 0.407751202583313 4
1771369226751 0.43493083119392395 4
1771369226892 0.5004167556762695 4
1771369227098 0.3560854196548462 4
1771369227237 0.2690361738204956 4
1771369227442 0.5586674809455872 4
1771369227585 0.39369383454322815 4
1771369227727 0.3995256721973419 4
1771369227936 0.5259379744529724 4
1771369228084 0.5550651550292969 4
1771369228293 0.8677335977554321 4
1771369228432 1.7800183296203613 4
1771369228636 0.563555121421814 4
1771369228784 1.326089859008789 4
1771369228928 0.33626553416252136 4
1771369229134 0.5371513366699219 4
1771369229274 0.3946259021759033 4
1771369229483 0.6699307560920715 4
1771369229623 0.43329107761383057 4
1771369229828 0.5139750838279724 4
1771369229970 0.454123854637146 4
1771369230185 0.4258687198162079 4
1771369230325 0.4655737280845642 4
1771369230462 0.6627117395401001 4
1771369230665 0.4519830644130707 4
1771369230805 0.44853073358535767 4
1771369231009 0.36881381273269653 4
1771369231152 0.44361409544944763 4
1771369231295 0.4259343445301056 4
1771369231501 0.3076511323451996 4
1771369231641 0.3392258882522583 4
1771369231850 0.4472629427909851 4
1771369231994 0.3933335244655609 4
1771369232201 0.4935670793056488 4
1771369232345 0.3170175850391388 4
1771369232556 0.3566778600215912 4
1771369232708 0.5348563194274902 4
1771369232852 0.502232015132904 4
1771369233068 0.6172481775283813 4
1771369233211 0.583534300327301 4
1771369233431 0.4054050147533417 4
1771369233568 0.604144275188446 4
1771369233770 0.9634872078895569 4
1771369233913 0.4852640926837921 4
1771369234052 0.5260983109474182 4
1771369234259 0.6180711388587952 4
1771369234411 0.4221770167350769 4
1771369234619 0.3323553800582886 4
1771369234761 0.5791030526161194 4
1771369234964 0.6004042625427246 4
1771369235104 0.5155906081199646 4
1771369235244 0.36435478925704956 4
1771369235452 0.3723733425140381 4
1771369235592 0.3887653648853302 4
1771369235809 0.34122052788734436 4
1771369235948 0.42681172490119934 4
1771369236152 0.4529280960559845 4
1771369236294 0.3903089165687561 4
1771369236524 0.5050734281539917 4
1771369236668 0.538517415523529 4
1771369236808 0.4422352910041809 4
1771369237015 0.4143666625022888 4
1771369237154 0.4047958552837372 4
1771369237359 0.3179226815700531 4
1771369237503 0.4177853763103485 4
1771369237651 0.552600085735321 4
1771369237861 0.6169770956039429 4
1771369238005 0.47076675295829773 4
1771369238212 0.5533198714256287 4
1771369238356 0.6130296587944031 4
1771369238589 0.5701485872268677 4
1771369238741 0.2796393036842346 4
1771369238953 0.45848479866981506 4
1771369239103 0.4893719553947449 4
1771369239249 0.3200930058956146 4
1771369239459 0.3832481801509857 4
1771369239602 0.6796006560325623 4
1771369239826 0.34623247385025024 4
1771369239970 0.35722699761390686 4
1771369240183 0.5060480833053589 4
1771369240329 0.8617905974388123 4
1771369240477 1.0380905866622925 4
1771369240680 1.5196607112884521 4
1771369241137 2.4195396900177 5
1771369241347 0.8781427145004272 5
1771369241494 0.8028345704078674 5
1771369241642 0.8753271102905273 5
1771369241857 0.5080921649932861 5
1771369241998 0.3414624333381653 5
1771369242206 0.43123945593833923 5
1771369242345 0.5733898282051086 5
1771369242555 0.35938236117362976 5
1771369242709 0.5583334565162659 5
1771369242924 0.5977146625518799 5
1771369243068 0.33920368552207947 5
1771369243210 0.4983466863632202 5
1771369243424 0.5725546479225159 5
1771369243566 0.5632569193840027 5
1771369243772 0.7715979218482971 5
1771369243913 0.6914517879486084 5
1771369244057 0.4007130563259125 5
1771369244260 0.6545057892799377 5
1771369244404 0.4285437762737274 5
1771369244611 0.3943726420402527 5
1771369244757 0.37819087505340576 5
1771369244965 0.3356934189796448 5
1771369245111 0.26134973764419556 5
1771369245320 0.3662816882133484 5
1771369245469 0.35863569378852844 5
1771369245614 0.576724112033844 5
1771369245821 0.336180180311203 5
1771369245964 0.37522247433662415 5
1771369246174 0.27431073784828186 5
1771369246318 0.30949926376342773 5
1771369246535 0.38224345445632935 5
1771369246680 0.5357942581176758 5
1771369246832 0.8054928183555603 5
1771369247042 0.8012932538986206 5
1771369247180 0.6536738276481628 5
1771369247381 0.5911761522293091 5
1771369247524 0.39283666014671326 5
1771369247730 0.3530368506908417 5
1771369247879 0.34978365898132324 5
1771369248023 0.2627555727958679 5
1771369248229 0.693952202796936 5
1771369248371 0.6209866404533386 5
1771369248582 0.3801121413707733 5
1771369248726 0.5443922877311707 5
1771369248946 0.4380931258201599 5
1771369249091 0.4060191810131073 5
1771369249296 0.3771330714225769 5
1771369249439 0.5061175227165222 5
1771369249584 0.4017471671104431 5
1771369249794 0.4867326319217682 5
1771369249936 0.5224038362503052 5
1771369250173 0.8813490867614746 5
1771369250316 0.6427053809165955 5
1771369250458 0.511408269405365 5
1771369250667 0.4056088328361511 5
1771369250807 0.6185367107391357 5
1771369251021 0.3054249584674835 5
1771369251170 0.7013498544692993 5
1771369251382 0.4139746427536011 5
1771369251529 0.3174848258495331 5
1771369251676 0.40611913800239563 5
1771369251884 0.5526741147041321 5
1771369252029 0.4195406436920166 5
1771369252236 0.38443559408187866 5
1771369252379 0.4341316819190979 5
1771369252596 0.46913424134254456 5
1771369252748 0.45156487822532654 5
1771369252965 0.6026233434677124 5
1771369253122 0.36016085743904114 5
1771369253267 0.49050870537757874 5
1771369253488 0.5328177213668823 5
1771369253629 0.6617791652679443 5
1771369253837 0.5442250370979309 5
1771369253979 0.5085165500640869 5
1771369254183 0.43343833088874817 5
1771369254324 0.4894040822982788 5
1771369254536 0.21985089778900146 5
1771369254683 0.5143510699272156 5
1771369254831 0.5174347758293152 5
1771369255043 0.7985907793045044 5
1771369255198 0.5324791669845581 5
1771369255417 0.7334298491477966 5
1771369255563 0.5458356142044067 5
1771369255775 0.9876136779785156 5
1771369255924 0.7746766805648804 5
1771369256138 0.4990015923976898 5
1771369256284 0.5378660559654236 5
1771369256426 0.6843898296356201 5
1771369256650 0.28688013553619385 5
1771369256795 0.8060374855995178 5
1771369257004 0.41882532835006714 5
1771369257154 0.43254703283309937 5
1771369257371 0.3097655177116394 5
1771369257517 0.716010570526123 5
1771369257660 0.7810763716697693 5
1771369257874 0.7433904409408569 5
1771369258017 0.39832955598831177 5
1771369258232 0.33647051453590393 5
1771369258375 0.3410492241382599 5
1771369258588 0.415374219417572 5
1771369258736 0.3178243041038513 5
1771369258882 0.3815942108631134 5
1771369259093 0.6123681664466858 5
1771369259241 0.44801390171051025 5
1771369259464 0.3459206521511078 5
1771369259610 0.39128878712654114 5
1771369259824 0.5383838415145874 5
1771369259971 0.6204884648323059 5
1771369260181 0.39405182003974915 5
1771369260330 0.6530966758728027 5
1771369260475 0.403774619102478 5
1771369260686 0.32616883516311646 5
1771369260834 0.3548932373523712 5
1771369261047 0.30849146842956543 5
1771369261191 0.40086042881011963 5
1771369261409 0.546898603439331 5
1771369261556 0.34438246488571167 5
1771369261770 0.33199506998062134 5
1771369261920 0.6037790179252625 5
1771369262063 0.5948418974876404 5
1771369262276 0.5666825175285339 5
1771369262420 0.7405839562416077 5
1771369262644 0.42331743240356445 5
1771369262796 0.5319947004318237 5
1771369263018 0.46701449155807495 5
1771369263167 0.4421120882034302 5
1771369263393 0.32195571064949036 5
1771369263548 0.389608234167099 5
1771369263696 0.4608611464500427 5
1771369263912 0.47420796751976013 5
1771369264059 0.2686208188533783 5
1771369264271 0.32927224040031433 5
1771369264425 0.39052554965019226 5
1771369264639 0.48855268955230713 5
1771369264786 0.5512086153030396 5
1771369264931 0.7200433015823364 5
1771369265142 0.3628152310848236 5
1771369265288 0.2582344710826874 5
1771369265509 0.4985378384590149 5
1771369265658 0.44030529260635376 5
1771369265872 0.5393337607383728 5
1771369266021 0.41955679655075073 5
1771369266168 0.38954687118530273 5
1771369266379 0.37229394912719727 5
1771369266531 0.2518368363380432 5
1771369266744 0.4683406352996826 5
1771369266889 0.4648449420928955 5
1771369267101 0.45455893874168396 5
1771369267249 0.7313255071640015 5
1771369267458 0.5161847472190857 5
1771369267609 0.4213636517524719 5
1771369267755 0.45973557233810425 5
1771369267969 0.5956274271011353 5
1771369268116 0.33435171842575073 5
1771369268326 0.2970712184906006 5
1771369268471 0.5073536038398743 5
1771369268680 0.3771781623363495 5
1771369268827 0.41446375846862793 5
1771369269045 0.3469971716403961 5
1771369269190 0.4054086208343506 5
1771369269331 0.590890109539032 5
1771369269538 0.5834605097770691 5
1771369269688 0.30339694023132324 5
1771369269898 0.5239920020103455 5
1771369270040 0.40816596150398254 5
1771369270247 0.3546566367149353 5
1771369270390 0.43977633118629456 5
1771369270595 0.3697597086429596 5
1771369270738 0.47608712315559387 5
1771369270882 0.409290075302124 5
1771369271091 0.3686242401599884 5
1771369271239 0.3492123484611511 5
1771369271446 0.4760187864303589 5
1771369271592 0.5705428123474121 5
1771369271812 0.4263561964035034 5
1771369271958 0.4990025758743286 5
1771369272100 0.5073307752609253 5
1771369272315 0.4807108938694 5
1771369272455 0.40686798095703125 5
1771369272667 0.5121281743049622 5
1771369272815 0.3548619747161865 5
1771369273031 0.5293018221855164 5
1771369273176 0.5302479863166809 5
1771369273324 0.8378204107284546 5
1771369273536 0.7496617436408997 5
1771369273675 0.4089200496673584 5
1771369273889 0.6281062960624695 5
1771369274030 0.5559555292129517 5
1771369274240 0.4400409460067749 5
1771369274386 0.2955821454524994 5
1771369274600 0.3633338212966919 5
1771369274744 0.42233332991600037 5
1771369274888 0.5452842116355896 5
1771369275095 0.3327295780181885 5
1771369275241 0.32777124643325806 5
1771369275458 0.5512732267379761 5
1771369275603 0.8615391850471497 5
1771369275809 0.6971487402915955 5
1771369275960 0.3707353472709656 5
1771369276169 0.7013922333717346 5
1771369276312 0.47375643253326416 5
1771369276455 0.5129095315933228 5
1771369276680 0.44876426458358765 5
1771369276824 0.35051342844963074 5
1771369277026 0.4224195182323456 5
1771369277169 0.396606981754303 5
1771369277371 0.49458447098731995 5
1771369277512 0.4061952233314514 5
1771369277716 0.3916986882686615 5
1771369277857 0.6432908773422241 5
1771369278004 0.5950974225997925 5
1771369278217 0.7404154539108276 5
1771369278357 0.7984691858291626 5
1771369278562 0.4579245150089264 5
1771369278703 0.531066358089447 5
1771369278906 0.5725079774856567 5
1771369279047 0.6172125935554504 5
1771369279186 0.3706163167953491 5
1771369279393 0.44058966636657715 5
1771369279533 0.5749131441116333 5
1771369279739 0.5029485821723938 5
1771369279881 0.5249916911125183 5
1771369280096 0.7863655686378479 5
1771369280243 0.5830895304679871 5
1771369280383 0.38747185468673706 5
1771369280592 0.47205376625061035 5
1771369280733 0.36879217624664307 5
1771369280939 0.29537639021873474 5
1771369281081 0.7505107522010803 5
1771369281288 0.4117478132247925 5
1771369281429 0.4339238405227661 5
1771369281638 0.40059879422187805 5
1771369281781 0.5111574530601501 5
1771369281924 0.5721678733825684 5
1771369282131 0.4914897084236145 5
1771369282285 0.3315477669239044 5
1771369282497 0.6456373929977417 5
1771369282648 0.5490860342979431 5
1771369282862 0.5395522117614746 5
1771369283008 0.37691405415534973 5
1771369283218 0.3058164417743683 5
1771369283375 0.34676945209503174 5
1771369283515 0.42284834384918213 5
1771369283726 0.36790499091148376 5
1771369283865 0.5517163872718811 5
1771369284069 0.4838719964027405 5
1771369284209 0.6575575470924377 5
1771369284434 0.5000815987586975 5
1771369284577 0.36683762073516846 5
1771369284784 0.4498554468154907 5
1771369284927 0.42905566096305847 5
1771369285069 0.37544602155685425 5
1771369285276 0.3582368493080139 5
1771369285429 0.32435938715934753 5
1771369285639 0.4622405469417572 5
1771369285787 0.49242451786994934 5
1771369285997 0.5173877477645874 5
1771369286143 0.49923059344291687 5
1771369286290 0.640981137752533 5
1771369286518 0.5796852111816406 5
1771369286657 0.5285961627960205 5
1771369286866 0.35719361901283264 5
1771369287006 0.4745916426181793 5
1771369287213 0.5431562662124634 5
1771369287356 0.4620470404624939 5
1771369287498 0.5700508952140808 5
1771369287705 0.8369506001472473 5
1771369287846 0.5277429819107056 5
1771369288054 0.4070844352245331 5
1771369288194 0.36979272961616516 5
1771369288403 0.4001064896583557 5
1771369288555 0.5031330585479736 5
1771369288763 0.4569177031517029 5
1771369288905 0.43610456585884094 5
1771369289045 0.5349626541137695 5
1771369289251 0.46739089488983154 5
1771369289392 0.5161078572273254 5
1771369289599 0.4147282540798187 5
1771369289742 0.34319761395454407 5
1771369289947 0.5833888649940491 5
1771369290091 0.4257444143295288 5
1771369290296 0.6491555571556091 5
1771369290439 0.41082867980003357 5
1771369290589 0.43967732787132263 5
1771369290803 0.3370371460914612 5
1771369290947 0.35096216201782227 5
1771369291153 0.19343118369579315 5
1771369291298 0.6247500777244568 5
1771369291502 0.5296106934547424 5
1771369291642 0.2885015308856964 5
1771369291847 0.44273167848587036 5
1771369291988 0.6278221011161804 5
1771369292128 0.6630308032035828 5
1771369292335 0.32268309593200684 5
1771369292474 0.36171823740005493 5
1771369292705 0.30114683508872986 5
1771369292851 0.37618887424468994 5
1771369293060 0.4091205298900604 5
1771369293207 0.45186227560043335 5
1771369293358 0.4251449406147003 5
1771369293570 0.31801047921180725 5
1771369293710 0.429127961397171 5
1771369293913 0.3825085759162903 5
1771369294053 0.49255043268203735 5
1771369294254 0.3250041604042053 5
1771369294397 0.35611051321029663 5
1771369294544 0.2922288179397583 5
1771369294755 0.4173768162727356 5
1771369294896 0.32256680727005005 5
1771369295102 0.4296896159648895 5
1771369295243 0.4536546468734741 5
1771369295451 0.30586761236190796 5
1771369295594 0.4149017035961151 5
1771369295798 0.3988581895828247 5
1771369295941 0.3664482831954956 5
1771369296080 0.4347199499607086 5
1771369296291 0.3441627323627472 5
1771369296432 0.3478863835334778 5
1771369296680 0.3920110762119293 5
1771369296830 0.4647250473499298 5
1771369297045 0.34236031770706177 5
1771369297191 0.43293458223342896 5
1771369297404 0.5006319880485535 5
1771369297549 0.4214349687099457 5
1771369297692 0.44180652499198914 5
1771369297904 0.47826164960861206 5
1771369298050 0.48363664746284485 5
1771369298257 0.6415141224861145 5
1771369298400 0.330733984708786 5
1771369298610 0.4962282180786133 5
1771369298762 0.5635283589363098 5
1771369298984 0.500450074672699 5
1771369299131 0.49116215109825134 5
1771369299276 0.5538263320922852 5
1771369299486 0.6279046535491943 5
1771369299634 0.7222594022750854 5
1771369299845 0.7915437817573547 5
1771369299993 0.5606644153594971 5
1771369300203 0.3923690617084503 5
1771369300352 0.42080938816070557 5
1771369300499 0.5000420808792114 5
1771369300712 0.572967529296875 5
1771369300858 0.3187108337879181 5
1771369301080 0.5815595388412476 5
1771369301225 0.7051389217376709 5
1771369301436 0.7390588521957397 5
1771369301582 0.4478648900985718 5
1771369301727 0.46613436937332153 5
1771369301935 0.41610410809516907 5
1771369302076 0.3177712857723236 5
1771369302285 0.3693442940711975 5
1771369302428 0.386330246925354 5
1771369302652 0.4407471716403961 5
1771369302806 0.43635010719299316 5
1771369303037 0.5458306074142456 5
1771369303188 0.42090433835983276 5
1771369303341 0.5001019835472107 5
1771369303558 0.6488834023475647 5
1771369303700 0.6359431147575378 5
1771369303909 0.37724828720092773 5
1771369304055 0.38624998927116394 5
1771369304265 0.49392056465148926 5
1771369304419 0.6728768944740295 5
1771369304631 0.5586048364639282 5
1771369304780 0.4804292619228363 5
1771369304924 0.3554437458515167 5
1771369305142 0.5158829092979431 5
1771369305288 0.33088698983192444 5
1771369305507 0.41782498359680176 5
1771369305653 0.3474563956260681 5
1771369305862 0.46728187799453735 5
1771369306007 0.27123188972473145 5
1771369306215 0.4334876835346222 5
1771369306360 0.3050270080566406 5
1771369306508 0.36276280879974365 5
1771369306721 0.39288511872291565 5
1771369306863 0.4928794503211975 5
1771369307066 0.562382161617279 5
1771369307218 0.5426238775253296 5
1771369307424 0.3619060814380646 5
1771369307566 0.38092541694641113 5
1771369307707 0.3966919183731079 5
1771369307913 0.4798945486545563 5
1771369308053 0.29568716883659363 5
1771369308259 0.5118805170059204 5
1771369308399 0.28076648712158203 5
1771369308600 0.5413391590118408 5
1771369308741 0.4028899669647217 5
1771369308880 0.40331900119781494 5
1771369309082 0.34437453746795654 5
1771369309230 0.5493578314781189 5
1771369309447 0.34507277607917786 5
1771369309594 0.3559417426586151 5
1771369309804 0.3385394215583801 5
1771369309945 0.38538461923599243 5
1771369310147 0.49831974506378174 5
1771369310289 0.4957383871078491 5
1771369310432 0.2651846408843994 5
1771369310637 0.2983543276786804 5
1771369310779 0.3365854024887085 5
1771369310982 0.36730799078941345 5
1771369311123 0.5542005896568298 5
1771369311337 0.4547191858291626 5
1771369311480 0.7238563895225525 5
1771369311685 0.41150757670402527 5
1771369311827 0.31884920597076416 5
1771369311966 0.41123127937316895 5
1771369312171 0.2747390866279602 5
1771369312311 0.3523840010166168 5
1771369312518 0.3446236550807953 5
1771369312676 0.4469633102416992 5
1771369312894 0.4987543523311615 5
1771369313044 0.3619607090950012 5
1771369313188 0.3136596083641052 5
1771369313418 0.5131658911705017 5
1771369313545 0.36903372406959534 5
