1771366923775 0.9221333333333334 0
1771366945612 0.9649166666666666 1
1771366968443 0.9723 2
1771366992196 0.9766666666666667 3
1771367017973 0.97885 4
1771367045462 0.9816166666666667 5
1771367073887 0.9826333333333334 6
1771367104691 0.98385 7
1771367135948 0.9856166666666667 8
1771367170233 0.9864 9
1771367205509 0.9872166666666666 10
1771367244852 0.9879333333333333 11
1771367284676 0.98935 12
1771367327572 0.9892166666666666 13
1771367370118 0.98985 14
1771367415430 0.99065 15
1771367464209 0.991 16
1771367512559 0.99155 17
1771367562557 0.9923833333333333 18
1771367610574 0.9924833333333334 19
1771367659062 0.9222088700289158 0
1771367708259 0.9653197641668857 1
1771367761796 0.9741447294303204 2
1771367808747 0.9785196590183635 3
1771367856042 0.9812422546847422 4
1771367904693 0.9830635773029404 5
1771367954360 0.9844905929625596 6
1771368005359 0.9859739381876901 7
1771368056823 0.9874572834128206 8
1771368110164 0.9882458973299786 9
1771368164584 0.9892973825528559 10
1771368219570 0.98991700777348 11
1771368276376 0.9902362086447106 12
1771368335797 0.9911374816928912 13
1771368395415 0.9917758834353524 14
1771368455072 0.9925269443088363 15
1771368516615 0.9913064703894251 16
1771368579628 0.9931465695294603 17
1771368643817 0.9922077434376056 18
1771368717587 0.9937849712719216 19
