1771366923758 0.20168910792736866 0
1771366945594 0.10061865461184018 1
1771366968422 0.07903366849255333 2
1771366992172 0.06776954766625026 3
1771367017946 0.06058569133146676 4
1771367045428 0.05473087076892032 5
1771367073855 0.050771191364714204 6
1771367104657 0.047300439181008826 7
1771367135913 0.04357826701208536 8
1771367170189 0.040495470591159516 9
1771367205462 0.03804550020059924 10
1771367244805 0.036156273722998115 11
1771367284629 0.03415779147579122 12
1771367327522 0.03244369959375307 13
1771367370059 0.03032172290282622 14
1771367415376 0.029181839520933787 15
1771367464145 0.027340639654650237 16
1771367512494 0.026284298848614954 17
1771367562493 0.02464068891591768 18
1771367610511 0.023564829616181886 19
1771367658993 0.20264997675443153 0
1771367708194 0.09888475430946199 1
1771367761723 0.07566000553790471 2
1771367808681 0.06366826297728706 3
1771367855972 0.05578688623459577 4
1771367904619 0.05007667325848012 5
1771367954287 0.04575363850573913 6
1771368005280 0.04193092903627051 7
1771368056746 0.03865022184796256 8
1771368110020 0.03579874580158747 9
1771368164439 0.033706278096866625 10
1771368219420 0.03195954456018637 11
1771368276225 0.030162618935501262 12
1771368335640 0.028138561139655984 13
1771368395318 0.02614703556417758 14
1771368454911 0.0250338334344524 15
1771368516518 0.027290550800938188 16
1771368579527 0.02236787140552553 17
1771368643652 0.02550158952083662 18
1771368717389 0.02037040667599447 19
