1771368717798 0.6923713684082031 0
1771368718044 0.6675857901573181 0
1771368718199 0.688339352607727 0
1771368718353 0.6950449347496033 0
1771368718583 0.6717866063117981 0
1771368718738 0.693996787071228 0
1771368718968 0.6486934423446655 0
1771368719119 0.7575824856758118 0
1771368719370 0.8027489185333252 0
1771368719519 0.762856662273407 0
1771368719746 0.8359390497207642 0
1771368719894 0.909298300743103 0
1771368720049 1.0141324996948242 0
1771368720289 0.9781627058982849 0
1771368720434 0.9037994146347046 0
1771368720685 0.878109872341156 0
1771368720831 0.8902722597122192 0
1771368720971 1.175990343093872 0
1771368721229 0.9668549299240112 0
1771368721379 0.9787752032279968 0
1771368721600 0.9433848857879639 0
1771368721747 0.9008538722991943 0
1771368721992 1.0877560377120972 0
1771368722140 1.0647811889648438 0
1771368722287 1.3238425254821777 0
1771368722547 1.1950019598007202 0
1771368722691 1.1551721096038818 0
1771368722929 1.1847320795059204 0
1771368723087 1.3022613525390625 0
1771368723315 1.2458479404449463 0
1771368723467 1.3255200386047363 0
1771368723620 0.8721710443496704 0
1771368723846 0.8811674118041992 0
1771368723988 1.1582027673721313 0
1771368724247 1.0565650463104248 0
1771368724400 1.268232822418213 0
1771368724540 1.406361699104309 0
1771368724782 1.2557092905044556 0
1771368724937 1.5553383827209473 0
1771368725158 1.8229652643203735 0
1771368725312 1.6462703943252563 0
1771368725557 1.8239467144012451 0
1771368725688 2.0422613620758057 0
1771368725821 2.514498472213745 0
1771368726043 2.6355628967285156 0
1771368726183 2.4782605171203613 0
1771368726438 2.236768960952759 0
1771368726606 2.3992486000061035 0
1771368726840 3.0773017406463623 0
1771368726997 2.4325501918792725 0
1771368727162 2.6116600036621094 0
1771368727417 2.3074026107788086 0
1771368727568 2.9753103256225586 0
1771368727815 3.0411221981048584 0
1771368727967 3.277026653289795 0
1771368728119 4.241707801818848 0
1771368728381 3.7386884689331055 0
1771368728535 2.587557077407837 0
1771368728781 2.9406514167785645 0
1771368728937 2.6408066749572754 0
1771368729083 2.844848155975342 0
1771368729315 2.826559543609619 0
1771368729477 4.306516170501709 0
1771368729718 3.218606948852539 0
1771368729869 4.11359167098999 0
1771368730138 4.453768253326416 0
1771368730288 6.314481735229492 0
1771368730549 4.536774158477783 0
1771368730703 4.333902835845947 0
1771368730862 5.166359901428223 0
1771368731124 3.875399589538574 0
1771368731267 3.711392402648926 0
1771368731515 3.9760806560516357 0
1771368731655 2.402073860168457 0
1771368731787 3.8617658615112305 0
1771368732000 3.4815447330474854 0
1771368732125 2.7922000885009766 0
1771368732327 2.6836228370666504 0
1771368732454 2.2135143280029297 0
1771368732667 2.528459072113037 0
1771368732818 2.8129661083221436 0
1771368732957 2.459001302719116 0
1771368733176 2.644244432449341 0
1771368733323 2.2285122871398926 0
1771368733571 2.409296751022339 0
1771368733723 2.836198091506958 0
1771368733979 3.3540968894958496 0
1771368734128 3.3575968742370605 0
1771368734272 3.195000648498535 0
1771368734521 2.9422028064727783 0
1771368734675 3.3512778282165527 0
1771368734910 3.909924030303955 0
1771368735060 4.50602912902832 0
1771368735213 4.405106067657471 0
1771368735442 4.332901477813721 0
1771368735593 4.256519317626953 0
1771368735852 4.402130603790283 0
1771368735998 3.9879517555236816 0
1771368736244 5.443478107452393 0
1771368736397 5.621837139129639 0
1771368736554 6.407346248626709 0
1771368736793 3.990856885910034 0
1771368736950 4.876532554626465 0
1771368737181 3.9355857372283936 0
1771368737324 4.482374668121338 0
1771368737565 3.878434419631958 0
1771368737711 3.6236495971679688 0
1771368737853 3.9587466716766357 0
1771368738072 3.2907774448394775 0
1771368738219 3.422461986541748 0
1771368738454 5.466239929199219 0
1771368738602 4.486601829528809 0
1771368738748 5.208627700805664 0
1771368738988 4.151534080505371 0
1771368739142 4.906874179840088 0
1771368739397 3.9884285926818848 0
1771368739551 5.871047496795654 0
1771368739702 5.846341609954834 0
1771368739953 4.866849422454834 0
1771368740102 3.607618808746338 0
1771368740342 4.350766181945801 0
1771368740492 5.6253275871276855 0
1771368740737 3.924513339996338 0
1771368740896 5.913239002227783 0
1771368741166 4.712697982788086 0
1771368741321 4.3875274658203125 0
1771368741474 4.449953079223633 0
1771368741712 5.939084053039551 0
1771368741870 6.118586540222168 0
1771368742129 4.951461315155029 0
1771368742288 6.151824951171875 0
1771368742445 6.247157096862793 0
1771368742686 5.784654140472412 0
1771368742849 6.42026948928833 0
1771368743102 6.169760227203369 0
1771368743258 7.002959728240967 0
1771368743522 4.787447452545166 0
1771368743681 5.485954761505127 0
1771368743837 7.110100746154785 0
1771368744105 8.087615966796875 0
1771368744266 7.0619049072265625 0
1771368744518 5.738827228546143 0
1771368744681 5.86250114440918 0
1771368744925 5.768488883972168 0
1771368745083 6.934930801391602 0
1771368745243 5.6103835105896 0
1771368745479 6.26068115234375 0
1771368745637 5.43010950088501 0
1771368745891 4.916411876678467 0
1771368746048 4.503170490264893 0
1771368746200 5.417709827423096 0
1771368746445 4.920577526092529 0
1771368746598 4.774325370788574 0
1771368746839 4.759624004364014 0
1771368746990 4.6267170906066895 0
1771368747227 5.321241855621338 0
1771368747383 5.9777421951293945 0
1771368747538 6.921260833740234 0
1771368747792 5.369234561920166 0
1771368747949 4.6458916664123535 0
1771368748215 6.871487617492676 0
1771368748366 7.167604446411133 0
1771368748641 6.530372142791748 0
1771368748798 5.4394378662109375 0
1771368748953 6.136551380157471 0
1771368749203 7.331340789794922 0
1771368749401 5.370151996612549 0
1771368749675 6.994265079498291 0
1771368749828 6.3753252029418945 0
1771368749976 7.966236114501953 0
1771368750221 7.318532943725586 0
1771368750374 5.5055999755859375 0
1771368750619 8.225945472717285 0
1771368750770 10.509111404418945 0
1771368750918 9.603764533996582 0
1771368751173 7.206474304199219 0
1771368751326 6.748000144958496 0
1771368751554 6.169173717498779 0
1771368751704 7.0524492263793945 0
1771368751941 6.080127716064453 0
1771368752087 8.445967674255371 0
1771368752338 6.537350654602051 0
1771368752494 8.297835350036621 0
1771368752648 7.169634819030762 0
1771368752901 7.254644870758057 0
1771368753050 9.27004337310791 0
1771368753266 8.479581832885742 0
1771368753399 8.67232894897461 0
1771368753530 7.2938055992126465 0
1771368753743 9.092094421386719 0
1771368753878 12.673693656921387 0
1771368754079 9.072314262390137 0
1771368754217 8.229944229125977 0
1771368754439 8.776092529296875 0
1771368754569 8.029071807861328 0
1771368754697 8.09018611907959 0
1771368754900 9.433895111083984 0
1771368755035 9.5349702835083 0
1771368755242 11.052745819091797 0
1771368755372 8.092440605163574 0
1771368755588 10.667038917541504 0
1771368755724 9.174360275268555 0
1771368755853 8.607375144958496 0
1771368756079 7.858652114868164 0
1771368756226 8.86878490447998 0
1771368756451 8.213367462158203 0
1771368756591 11.04100227355957 0
1771368756740 10.81926155090332 0
1771368756968 10.437602043151855 0
1771368757101 11.01213264465332 0
1771368757345 10.546069145202637 0
1771368757486 7.617275714874268 0
1771368757690 9.741188049316406 0
1771368757829 9.079268455505371 0
1771368757968 11.151971817016602 0
1771368758196 10.300082206726074 0
1771368758328 12.518288612365723 0
1771368758564 11.951333045959473 0
1771368758701 12.842576026916504 0
1771368758931 12.510583877563477 0
1771368759070 10.447779655456543 0
1771368759210 11.172703742980957 0
1771368759420 13.95556640625 0
1771368759558 11.896700859069824 0
1771368759785 8.76115608215332 0
1771368759918 11.98097038269043 0
1771368760048 12.154425621032715 0
1771368760256 9.462095260620117 0
1771368760384 12.244614601135254 0
1771368760594 11.69325065612793 0
1771368760727 9.18425178527832 0
1771368760877 12.52297306060791 0
1771368761088 13.207517623901367 0
1771368761217 14.985106468200684 0
1771368761419 11.547600746154785 0
1771368761558 14.472331047058105 0
1771368761779 14.6439208984375 0
1771368761909 11.104156494140625 0
1771368762122 9.449602127075195 0
1771368762259 10.993362426757812 0
1771368762395 11.3536376953125 0
1771368762627 11.036731719970703 0
1771368762768 17.679346084594727 0
1771368762991 15.783333778381348 0
1771368763139 16.15524673461914 0
1771368763280 11.86060619354248 0
1771368763497 16.79549217224121 0
1771368763635 12.985398292541504 0
1771368763837 17.321571350097656 0
1771368763965 16.498584747314453 0
1771368764193 14.54713249206543 0
1771368764335 10.96725082397461 0
1771368764465 12.554378509521484 0
1771368764695 17.83466148376465 0
1771368764843 12.958032608032227 0
1771368765052 14.797491073608398 0
1771368765187 16.552509307861328 0
1771368765424 16.007015228271484 0
1771368765557 16.75522232055664 0
1771368765684 19.0689754486084 0
1771368765919 20.371421813964844 0
1771368766061 17.185489654541016 0
1771368766263 13.649724960327148 0
1771368766403 10.552131652832031 0
1771368766549 12.104517936706543 0
1771368766769 14.543425559997559 0
1771368766907 12.623870849609375 0
1771368767121 17.251771926879883 0
1771368767258 14.99325180053711 0
1771368767462 14.448742866516113 0
1771368767600 15.909576416015625 0
1771368767745 13.041097640991211 0
1771368767967 17.317501068115234 0
1771368768102 16.943254470825195 0
1771368768340 15.576937675476074 0
1771368768478 17.774324417114258 0
1771368768698 18.633432388305664 0
1771368768843 16.746187210083008 0
1771368768990 15.202034950256348 0
1771368769205 15.018426895141602 0
1771368769349 16.127927780151367 0
1771368769558 17.868545532226562 0
1771368769697 18.69245719909668 0
1771368769835 21.064144134521484 0
1771368770049 17.168622970581055 0
1771368770180 22.705595016479492 0
1771368770399 16.797353744506836 0
1771368770534 18.293365478515625 0
1771368770667 19.156938552856445 0
1771368770879 18.25048828125 0
1771368771030 19.27769660949707 0
1771368771244 19.77749252319336 0
1771368771373 15.245819091796875 0
1771368771587 14.308351516723633 0
1771368771729 18.93658447265625 0
1771368771939 21.998525619506836 0
1771368772073 17.317832946777344 0
1771368772214 15.514004707336426 0
1771368772437 23.603784561157227 0
1771368772576 25.548315048217773 0
1771368772815 20.834136962890625 0
1771368772960 22.18351173400879 0
1771368773102 18.9553279876709 0
1771368773340 23.608306884765625 0
1771368773482 24.898239135742188 0
1771368773684 29.087480545043945 0
1771368773823 18.183969497680664 0
1771368774052 19.83334732055664 0
1771368774185 26.323928833007812 0
1771368774321 24.25506019592285 0
1771368774553 19.531557083129883 0
1771368774695 21.73499870300293 0
1771368774908 19.812538146972656 0
1771368775051 24.678430557250977 0
1771368775287 29.63459587097168 0
1771368775426 25.19073486328125 0
1771368775563 27.185274124145508 0
1771368775788 28.52646827697754 0
1771368775923 27.91035270690918 0
1771368776127 27.457157135009766 0
1771368776267 23.4921875 0
1771368776418 23.873050689697266 0
1771368776647 29.348430633544922 0
1771368776785 22.50120735168457 0
1771368777009 31.99139404296875 0
1771368777153 29.40582847595215 0
1771368777379 27.904220581054688 0
1771368777522 28.16115951538086 0
1771368777696 33.501487731933594 0
1771368777958 33.58962631225586 0
1771368778100 30.934600830078125 0
1771368778302 28.798927307128906 0
1771368778437 28.213865280151367 0
1771368778656 36.81840133666992 0
1771368778789 29.815332412719727 0
1771368778921 35.62098693847656 0
1771368779139 30.371883392333984 0
1771368779286 36.072120666503906 0
1771368779506 31.19973373413086 0
1771368779647 35.438621520996094 0
1771368779790 32.18730926513672 0
1771368780003 37.37411880493164 0
1771368780141 26.084548950195312 0
1771368780363 37.505516052246094 0
1771368780500 35.7077751159668 0
1771368780715 39.743682861328125 0
1771368780855 46.16023254394531 0
1771368780999 36.14459228515625 0
1771368781248 41.03971481323242 0
1771368781405 41.62273406982422 0
1771368781671 42.45309066772461 0
1771368781834 37.3609733581543 0
1771368781989 42.183990478515625 0
1771368782239 28.740697860717773 0
1771368782400 41.20368957519531 0
1771368782638 40.922183990478516 0
1771368782799 31.298343658447266 0
1771368783051 28.2154541015625 0
1771368783264 38.16819381713867 0
1771368783426 37.809871673583984 0
1771368783676 33.90713119506836 0
1771368783828 31.682626724243164 0
1771368784098 46.56358337402344 0
1771368784256 34.88059997558594 0
1771368784415 35.71599578857422 0
1771368784688 34.2933464050293 0
1771368784853 38.34608840942383 0
1771368785105 40.80991744995117 0
1771368785263 38.79646301269531 0
1771368785513 34.07692337036133 0
1771368785672 40.07412338256836 0
1771368785847 32.61841583251953 0
1771368786090 34.00128173828125 0
1771368786251 34.5003662109375 0
1771368786483 33.29170227050781 0
1771368786614 41.51790237426758 0
1771368786753 38.570945739746094 0
1771368786959 44.85654830932617 0
1771368787091 46.28975296020508 0
1771368787335 29.8764705657959 0
1771368787491 37.66483688354492 0
1771368787752 29.163972854614258 0
1771368787918 33.47605895996094 0
1771368788075 42.506446838378906 0
1771368788314 34.88130569458008 0
1771368788470 32.443931579589844 0
1771368788718 38.42940902709961 0
1771368788869 37.1138916015625 0
1771368789016 45.18687438964844 0
1771368789275 36.9787712097168 0
1771368789432 37.35636901855469 0
1771368789694 34.569122314453125 0
1771368789853 34.58151626586914 0
1771368790101 34.97499465942383 0
1771368790260 36.84419250488281 0
1771368790416 35.03266143798828 0
1771368790653 40.347679138183594 0
1771368790812 31.174182891845703 0
1771368791065 29.213279724121094 0
1771368791227 35.30576705932617 0
1771368791389 31.8854923248291 0
1771368791640 39.54851150512695 0
1771368791806 33.71815872192383 0
1771368792062 30.142677307128906 0
1771368792226 41.8541374206543 0
1771368792491 27.944839477539062 0
1771368792653 35.92131423950195 0
1771368792851 30.58527374267578 0
1771368793143 33.98162078857422 0
1771368793303 32.10501480102539 0
1771368793543 29.939109802246094 0
1771368793699 33.66712188720703 0
1771368793955 35.25467300415039 0
1771368794112 35.021522521972656 0
1771368794272 28.437108993530273 0
1771368794531 29.19141387939453 0
1771368794668 18.495058059692383 0
